n s W(s)
0 0.0 0.0
1 0.01 0.009999916532774072
2 0.02 0.019999332267184543
3 0.03 0.029997746429827412
4 0.04 0.039994658297216636
5 0.05 0.04998956722073996
6 0.06 0.05998197265161101
7 0.07 0.06997137416581646
8 0.08 0.07995727148905676
9 0.09 0.08993916452167967
10 0.1 0.09991655336360465
11 0.11 0.10988893833923763
12 0.12 0.11985582002237435
13 0.13 0.12981669926109124
14 0.14 0.13977107720262252
15 0.15 0.14971845531822234
16 0.16 0.15965833542801092
17 0.17 0.16959021972580277
18 0.18 0.17951361080391642
19 0.19 0.18942801167796458
20 0.2 0.1993329258116224
21 0.21 0.20922785714137343
22 0.22 0.21911231010123278
23 0.23 0.22898578964744404
24 0.24 0.2388478012831508
25 0.25 0.2486978510830412
26 0.26 0.25853544571796244
27 0.27 0.26836009247950693
28 0.28 0.27817129930456674
29 0.29 0.28796857479985527
30 0.3 0.29775142826639645
31 0.31 0.30751936972397803
32 0.32 0.3172719099355697
33 0.33 0.32700856043170345
34 0.34 0.3367288335348159
35 0.35000000000000003 0.3464322423835509
36 0.36 0.35611830095702085
37 0.37 0.3657865240990264
38 0.38 0.3754364275422325
39 0.39 0.3850675279323004
40 0.4 0.3946793428519736
41 0.41000000000000003 0.40427139084511615
42 0.42 0.41384319144070486
43 0.43 0.42339426517676987
44 0.44 0.4329241336242856
45 0.45 0.442432319411011
46 0.46 0.4519183462452751
47 0.47000000000000003 0.4613817389397093
48 0.48 0.4708220234349248
49 0.49 0.4802387268231326
50 0.5 0.48963137737170614
51 0.51 0.49899950454668623
52 0.52 0.5083426390362235
53 0.53 0.5176603127739619
54 0.54 0.5269520589623589
55 0.55 0.5362174120959421
56 0.56 0.5454559079845015
57 0.5700000000000001 0.5546670837762152
58 0.58 0.5638504779807086
59 0.59 0.5730056304920464
60 0.6 0.582132082611652
61 0.61 0.5912293770711604
62 0.62 0.6002970580551974
63 0.63 0.6093346712240852
64 0.64 0.6183417637364768
65 0.65 0.6273178842719119
66 0.66 0.6362625830533002
67 0.67 0.6451754118693241
68 0.68 0.6540559240967657
69 0.6900000000000001 0.6629036747227519
70 0.7000000000000001 0.6717182203669213
71 0.71 0.6804991193035067
72 0.72 0.6892459314833369
73 0.73 0.6979582185557539
74 0.74 0.7066355438904434
75 0.75 0.715277472599182
76 0.76 0.7238835715574946
77 0.77 0.7324534094262255
78 0.78 0.7409865566730179
79 0.79 0.7494825855937052
80 0.8 0.7579410703336079
81 0.81 0.7663615869087419
82 0.8200000000000001 0.7747437132269288
83 0.8300000000000001 0.7830870291088141
84 0.84 0.7913911163087883
85 0.85 0.7996555585358128
86 0.86 0.8078799414741455
87 0.87 0.816063852803969
88 0.88 0.8242068822219195
89 0.89 0.832308621461512
90 0.9 0.8403686643134665
91 0.91 0.8483866066459294
92 0.92 0.8563620464245904
93 0.93 0.8642945837326967
94 0.9400000000000001 0.8721838207909584
95 0.9500000000000001 0.8800293619773482
96 0.96 0.8878308138467923
97 0.97 0.8955877851507543
98 0.98 0.9032998868567061
99 0.99 0.9109667321674886
100 1.0 0.918587936540563
101 1.01 0.9261631177071455
102 1.02 0.93369189569123
103 1.03 0.9411738928284957
104 1.04 0.9486087337850989
105 1.05 0.955996045576348
106 1.06 0.96333545758526
107 1.07 0.9706266015810006
108 1.08 0.977869111737201
109 1.09 0.9850626246501587
110 1.1 0.9922067793569134
111 1.11 0.9993012173532023
112 1.12 1.006345582611291
113 1.1300000000000001 1.0133395215976824
114 1.1400000000000001 1.0202826832906986
115 1.1500000000000001 1.0271747191979368
116 1.16 1.0340152833736014
117 1.17 1.0408040324357037
118 1.18 1.0475406255831392
119 1.19 1.054224724612628
120 1.2 1.0608559939355329
121 1.21 1.0674341005945411
122 1.22 1.0739587142802156
123 1.23 1.0804295073474144
124 1.24 1.0868461548315762
125 1.25 1.09320833446487
126 1.26 1.0995157266922138
127 1.27 1.10576801468715
128 1.28 1.1119648843675929
129 1.29 1.1181060244114323
130 1.3 1.1241911262720004
131 1.31 1.1302198841934006
132 1.32 1.1361919952256958
133 1.33 1.1421071592399565
134 1.34 1.1479650789431657
135 1.35 1.1537654598929843
136 1.36 1.1595080105123718
137 1.37 1.1651924421040645
138 1.3800000000000001 1.1708184688649077
139 1.3900000000000001 1.1763858079000453
140 1.4000000000000001 1.1818941792369608
141 1.41 1.1873433058393748
142 1.42 1.1927329136209923
143 1.43 1.1980627314591048
144 1.44 1.2033324912080423
145 1.45 1.208541927712476
146 1.46 1.2136907788205717
147 1.47 1.2187787853969931
148 1.48 1.2238056913357525
149 1.49 1.2287712435729092
150 1.5 1.2336751920991214
151 1.51 1.2385172899720323
152 1.52 1.2432972933285185
153 1.53 1.2480149613967697
154 1.54 1.2526700565082216
155 1.55 1.2572623441093325
156 1.56 1.2617915927732
157 1.57 1.266257574211025
158 1.58 1.2706600632834153
159 1.59 1.274998838011534
160 1.6 1.2792736795880861
161 1.61 1.2834843723881502
162 1.62 1.2876307039798465
163 1.6300000000000001 1.2917124651348488
164 1.6400000000000001 1.2957294498387304
165 1.6500000000000001 1.2996814553011555
166 1.6600000000000001 1.3035682819659042
167 1.67 1.307389733520735
168 1.68 1.3111456169070894
169 1.69 1.3148357423296277
170 1.7 1.318459923265604
171 1.71 1.3220179764740776
172 1.72 1.3255097220049588
173 1.73 1.3289349832078878
174 1.74 1.332293586740953
175 1.75 1.335585362579239
176 1.76 1.3388101440232085
177 1.77 1.3419677677069202
178 1.78 1.3450580736060762
179 1.79 1.3480809050459057
180 1.8 1.3510361087088758
181 1.81 1.3539235346422387
182 1.82 1.3567430362654054
183 1.83 1.3594944703771543
184 1.84 1.3621776971626693
185 1.85 1.3647925802004048
186 1.86 1.3673389864687857
187 1.87 1.3698167863527324
188 1.8800000000000001 1.3722258536500163
189 1.8900000000000001 1.3745660655774468
190 1.9000000000000001 1.3768373027768814
191 1.9100000000000001 1.3790394493210676
192 1.92 1.3811723927193134
193 1.93 1.3832360239229822
194 1.94 1.3852302373308163
195 1.95 1.3871549307940905
196 1.96 1.3890100056215855
197 1.97 1.3907953665843946
198 1.98 1.3925109219205538
199 1.99 1.3941565833394969
200 2.0 1.395732266026338
201 2.0100000000000002 1.3972378886459804
202 2.02 1.3986733733470462
203 2.0300000000000002 1.4000386457656386
204 2.04 1.4013336350289212
205 2.05 1.402558273758527
206 2.06 1.4037124980737907
207 2.07 1.404796247594806
208 2.08 1.4058094654453055
209 2.09 1.4067520982553674
210 2.1 1.4076240961639404
211 2.11 1.408425412821202
212 2.12 1.4091560053907313
213 2.13 1.4098158345515095
214 2.14 1.4104048644997453
215 2.15 1.4109230629505194
216 2.16 1.4113704011392563
217 2.17 1.4117468538230167
218 2.18 1.4120523992816159
219 2.19 1.4122870193185606
220 2.2 1.412450699261814
221 2.21 1.41254342796438
222 2.22 1.4125651978047125
223 2.23 1.4125160046869465
224 2.24 1.4123958480409522
225 2.25 1.412204730822213
226 2.2600000000000002 1.4119426595115234
227 2.27 1.4116096441145167
228 2.2800000000000002 1.4112056981610048
229 2.29 1.4107308387041528
230 2.3000000000000003 1.4101850863194647
231 2.31 1.4095684651036042
232 2.32 1.408881002673029
233 2.33 1.408122730162452
234 2.34 1.4072936822231263
235 2.35 1.406393897020951
236 2.36 1.4054234162344057
237 2.37 1.4043822850522987
238 2.38 1.4032705521713515
239 2.39 1.4020882697935928
240 2.4 1.4008354936235914
241 2.41 1.399512282865498
242 2.42 1.3981187002199238
243 2.43 1.3966548118806343
244 2.44 1.3951206875310738
245 2.45 1.3935164003407088
246 2.46 1.3918420269611997
247 2.47 1.3900976475223983
248 2.48 1.3882833456281662
249 2.49 1.3863992083520225
250 2.5 1.3844453262326137
251 2.5100000000000002 1.382421793269013
252 2.52 1.3803287069158428
253 2.5300000000000002 1.378166168078221
254 2.54 1.3759342811065423
255 2.5500000000000003 1.3736331537910755
256 2.56 1.3712628973563965
257 2.57 1.3688236264556408
258 2.58 1.366315459164591
259 2.59 1.3637385169755873
260 2.6 1.3610929247912655
261 2.61 1.3583788109181283
262 2.62 1.3555963070599375
263 2.63 1.3527455483109445
264 2.64 1.3498266731489423
265 2.65 1.3468398234281482
266 2.66 1.3437851443719258
267 2.67 1.3406627845653185
268 2.68 1.3374728959474373
269 2.69 1.3342156338036577
270 2.7 1.3308911567576625
271 2.71 1.3274996267633126
272 2.72 1.3240412090963452
273 2.73 1.3205160723459126
274 2.74 1.3169243884059474
275 2.75 1.3132663324663643
276 2.7600000000000002 1.3095420830040965
277 2.77 1.3057518217739652
278 2.7800000000000002 1.301895733799382
279 2.79 1.2979740073628903
280 2.8000000000000003 1.29398683399654
281 2.81 1.2899344084720992
282 2.82 1.2858169287911005
283 2.83 1.2816345961747309
284 2.84 1.2773876150535493
285 2.85 1.2730761930570487
286 2.86 1.26870054100306
287 2.87 1.264260872886985
288 2.88 1.2597574058708783
289 2.89 1.2551903602723664
290 2.9 1.2505599595534025
291 2.91 1.2458664303088733
292 2.92 1.2411100022550396
293 2.93 1.2362909082178173
294 2.94 1.2314093841209126
295 2.95 1.2264656689737876
296 2.96 1.2214600048594773
297 2.97 1.2163926369222549
298 2.98 1.2112638133551301
299 2.99 1.2060737853872077
300 3.0 1.2008228072708804
301 3.0100000000000002 1.1955111362688826
302 3.02 1.1901390326411745
303 3.0300000000000002 1.1847067596316898
304 3.04 1.1792145834549297
305 3.0500000000000003 1.1736627732823952
306 3.06 1.168051601228886
307 3.0700000000000003 1.1623813423386435
308 3.08 1.1566522745713406
309 3.09 1.1508646787879306
310 3.1 1.1450188387363531
311 3.11 1.139115041037078
312 3.12 1.133153575168523
313 3.13 1.1271347334523139
314 3.14 1.1210588110384059
315 3.15 1.1149261058900612
316 3.16 1.1087369187686815
317 3.17 1.1024915532185044
318 3.18 1.0961903155511519
319 3.19 1.0898335148300422
320 3.2 1.083421462854667
321 3.21 1.0769544741447161
322 3.22 1.0704328659240825
323 3.23 1.0638569581047141
324 3.24 1.0572270732703406
325 3.25 1.0505435366600553
326 3.2600000000000002 1.0438066761517715
327 3.27 1.0370168222455378
328 3.2800000000000002 1.0301743080467225
329 3.29 1.0232794692490716
330 3.3000000000000003 1.016332644117623
331 3.31 1.0093341734715011
332 3.3200000000000003 1.0022844006665759
333 3.33 0.9951836715779954
334 3.34 0.9880323345825932
335 3.35 0.9808307405411574
336 3.36 0.973579242780588
337 3.37 0.9662781970759204
338 3.38 0.958927961632221
339 3.39 0.9515288970663711
340 3.4 0.9440813663887186
341 3.41 0.936585734984603
342 3.42 0.9290423705957762
343 3.43 0.9214516433016908
344 3.44 0.9138139255006692
345 3.45 0.9061295918909598
346 3.46 0.8983990194516727
347 3.47 0.8906225874235965
348 3.48 0.8828006772899109
349 3.49 0.8749336727567707
350 3.5 0.8670219597337829
351 3.5100000000000002 0.8590659263143694
352 3.52 0.8510659627560284
353 3.5300000000000002 0.8430224614604636
354 3.54 0.8349358169536236
355 3.5500000000000003 0.8268064258656289
356 3.56 0.8186346869105776
357 3.5700000000000003 0.8104210008662638
358 3.58 0.8021657705537777
359 3.59 0.7938694008170017
360 3.6 0.7855322985020097
361 3.61 0.77715487243636
362 3.62 0.7687375334082791
363 3.63 0.7602806941457612
364 3.64 0.7517847692955542
365 3.65 0.7432501754020491
366 3.66 0.7346773308860772
367 3.67 0.7260666560236047
368 3.68 0.7174185729243474
369 3.69 0.7087335055102599
370 3.7 0.7000118794939603
371 3.71 0.6912541223570559
372 3.72 0.6824606633283672
373 3.73 0.6736319333620697
374 3.74 0.6647683651157505
375 3.75 0.6558703929283674
376 3.7600000000000002 0.6469384527981239
377 3.77 0.6379729823602647
378 3.7800000000000002 0.6289744208647834
379 3.79 0.6199432091540364
380 3.8000000000000003 0.6108797896402907
381 3.81 0.6017846062831778
382 3.8200000000000003 0.5926581045670751
383 3.83 0.5835007314783978
384 3.84 0.5743129354828289
385 3.85 0.5650951665024531
386 3.86 0.5558478758928311
387 3.87 0.5465715164199905
388 3.88 0.5372665422373437
389 3.89 0.5279334088625323
390 3.9 0.5185725731542039
391 3.91 0.509184493288724
392 3.92 0.49976962873679476
393 3.93 0.4903284402400425
394 3.94 0.48086138978750004
395 3.95 0.47136894059205314
396 3.96 0.4618515570668098
397 3.97 0.45230970480140353
398 3.98 0.44274385053823995
399 3.99 0.4331544621486776
400 4.0 0.42354200860916347
401 4.01 0.4139069599772771
402 4.0200000000000005 0.4042497873677604
403 4.03 0.39457096292844973
404 4.04 0.38487095981618946
405 4.05 0.3751502521726602
406 4.0600000000000005 0.3654093151001687
407 4.07 0.3556486246373991
408 4.08 0.34586865773507736
409 4.09 0.3360698922316345
410 4.1 0.32625280682876845
411 4.11 0.3164178810670091
412 4.12 0.30656559530120475
413 4.13 0.2966964306759765
414 4.14 0.2868108691011262
415 4.15 0.2769093932270019
416 4.16 0.2669924864198281
417 4.17 0.25706063273698554
418 4.18 0.24711431690226604
419 4.19 0.23715402428107968
420 4.2 0.2271802408556276
421 4.21 0.21719345320003747
422 4.22 0.20719414845547757
423 4.23 0.19718281430522833
424 4.24 0.18715993894972005
425 4.25 0.17712601108154757
426 4.26 0.1670815198604485
427 4.2700000000000005 0.15702695488826812
428 4.28 0.1469628061838817
429 4.29 0.13688956415809983
430 4.3 0.1268077195885482
431 4.3100000000000005 0.11671776359452313
432 4.32 0.10662018761183578
433 4.33 0.09651548336761895
434 4.34 0.08640414285512676
435 4.3500000000000005 0.07628665830850956
436 4.36 0.06616352217758514
437 4.37 0.05603522710257902
438 4.38 0.04590226588885837
439 4.39 0.03576513148165361
440 4.4 0.025624316940765723
441 4.41 0.015480315415259405
442 4.42 0.0053336201181615195
443 4.43 -0.004815275698865307
444 4.44 -0.01496587877084643
445 4.45 -0.02511769584482515
446 4.46 -0.035270233705197995
447 4.47 -0.04542299919907222
448 4.48 -0.05557549926156469
449 4.49 -0.0657272409411842
450 4.5 -0.0758777314251482
451 4.51 -0.08602647806474018
452 4.5200000000000005 -0.09617298840061927
453 4.53 -0.10631677018817598
454 4.54 -0.11645733142284698
455 4.55 -0.12659418036542114
456 4.5600000000000005 -0.13672682556738636
457 4.57 -0.14685477589619111
458 4.58 -0.15697754056055402
459 4.59 -0.16709462913574846
460 4.6000000000000005 -0.17720555158885531
461 4.61 -0.1873098183040245
462 4.62 -0.19740694010770987
463 4.63 -0.20749642829388115
464 4.64 -0.21757779464923743
465 4.65 -0.22765055147839064
466 4.66 -0.23771421162901518
467 4.67 -0.2477682885169994
468 4.68 -0.2578122961515703
469 4.69 -0.2678457491603723
470 4.7 -0.2778681628145456
471 4.71 -0.2878790530537785
472 4.72 -0.297877936511302
473 4.73 -0.3078643305388944
474 4.74 -0.3178377532318315
475 4.75 -0.3277977234538145
476 4.76 -0.33774376086186564
477 4.7700000000000005 -0.3476753859311774
478 4.78 -0.35759211997995344
479 4.79 -0.36749348519418135
480 4.8 -0.37737900465239704
481 4.8100000000000005 -0.38724820235039914
482 4.82 -0.39710060322590834
483 4.83 -0.4069357331832162
484 4.84 -0.4167531191177716
485 4.8500000000000005 -0.4265522889407247
486 4.86 -0.4363327716034391
487 4.87 -0.4460940971219358
488 4.88 -0.45583579660132933
489 4.89 -0.4655574022601705
490 4.9 -0.475258447454765
491 4.91 -0.48493846670344887
492 4.92 -0.49459699571079163
493 4.93 -0.5042335713917616
494 4.94 -0.5138477318958312
495 4.95 -0.5234390166310376
496 4.96 -0.5330069662879637
497 4.97 -0.5425511228636939
498 4.98 -0.552071029685683
499 4.99 -0.5615662314356005
500 5.0 -0.5710362741730499
501 5.01 -0.5804807053593191
502 5.0200000000000005 -0.5898990738809751
503 5.03 -0.5992909300734635
504 5.04 -0.6086558257446075
505 5.05 -0.6179933141980474
506 5.0600000000000005 -0.6273029502566203
507 5.07 -0.6365842902856631
508 5.08 -0.6458368922162503
509 5.09 -0.6550603155683596
510 5.1000000000000005 -0.6642541214739666
511 5.11 -0.6734178727000693
512 5.12 -0.6825511336716197
513 5.13 -0.6916534704944279
514 5.14 -0.7007244509779316
515 5.15 -0.7097636446579187
516 5.16 -0.7187706228191733
517 5.17 -0.7277449585180555
518 5.18 -0.736686226604931
519 5.19 -0.7455940037466426
520 5.2 -0.7544678684487565
521 5.21 -0.7633074010778511
522 5.22 -0.7721121838836265
523 5.23 -0.780881801021005
524 5.24 -0.7896158385720646
525 5.25 -0.7983138845679694
526 5.26 -0.8069755290107317
527 5.2700000000000005 -0.8156003638949691
528 5.28 -0.8241879832294661
529 5.29 -0.8327379830587596
530 5.3 -0.8412499614845146
531 5.3100000000000005 -0.8497235186869236
532 5.32 -0.8581582569459094
533 5.33 -0.8665537806622954
534 5.34 -0.8749096963788521
535 5.3500000000000005 -0.8832256128012457
536 5.36 -0.8915011408189173
537 5.37 -0.899735893525806
538 5.38 -0.9079294862410325
539 5.39 -0.9160815365294468
540 5.4 -0.9241916642220644
541 5.41 -0.9322594914364384
542 5.42 -0.9402846425968558
543 5.43 -0.9482667444545587
544 5.44 -0.9562054261076796
545 5.45 -0.9641003190212274
546 5.46 -0.9719510570468728
547 5.47 -0.9797572764426761
548 5.48 -0.9875186158926716
549 5.49 -0.9952347165263298
550 5.5 -1.0029052219379722
551 5.51 -1.0105297782059992
552 5.5200000000000005 -1.0181080339120498
553 5.53 -1.0256396401600192
554 5.54 -1.0331242505949874
555 5.55 -1.0405615214220205
556 5.5600000000000005 -1.0479511114248368
557 5.57 -1.0552926819843798
558 5.58 -1.0625858970972608
559 5.59 -1.0698304233940696
560 5.6000000000000005 -1.077025930157621
561 5.61 -1.084172089340985
562 5.62 -1.0912685755854739
563 5.63 -1.0983150662384773
564 5.64 -1.1053112413711723
565 5.65 -1.1122567837961164
566 5.66 -1.1191513790846876
567 5.67 -1.1259947155844579
568 5.68 -1.1327864844363695
569 5.69 -1.1395263795918318
570 5.7 -1.146214097829663
571 5.71 -1.1528493387729242
572 5.72 -1.1594318049056156
573 5.73 -1.1659612015892158
574 5.74 -1.1724372370791336
575 5.75 -1.1788596225409833
576 5.76 -1.1852280720667778
577 5.7700000000000005 -1.1915423026909409
578 5.78 -1.1978020344061946
579 5.79 -1.2040069901793373
580 5.8 -1.2101568959668683
581 5.8100000000000005 -1.2162514807304525
582 5.82 -1.222290476452283
583 5.83 -1.2282736181503147
584 5.84 -1.2342006438933062
585 5.8500000000000005 -1.2400712948157562
586 5.86 -1.2458853151327283
587 5.87 -1.2516424521544742
588 5.88 -1.2573424563009468
589 5.89 -1.2629850811161738
590 5.9 -1.2685700832825013
591 5.91 -1.2740972226346585
592 5.92 -1.2795662621736987
593 5.93 -1.2849769680808052
594 5.94 -1.2903291097309477
595 5.95 -1.2956224597063404
596 5.96 -1.3008567938098778
597 5.97 -1.3060318910782804
598 5.98 -1.3111475337952
599 5.99 -1.316203507504099
600 6.0 -1.321199601021064
601 6.01 -1.3261356064473873
602 6.0200000000000005 -1.3310113191820676
603 6.03 -1.3358265379341034
604 6.04 -1.3405810647346854
605 6.05 -1.3452747049491869
606 6.0600000000000005 -1.349907267289062
607 6.07 -1.3544785638235481
608 6.08 -1.3589884099912126
609 6.09 -1.363436624611392
610 6.1000000000000005 -1.3678230298954297
611 6.11 -1.3721474514578063
612 6.12 -1.3764097183270074
613 6.13 -1.3806096629564415
614 6.140000000000001 -1.384747121234966
615 6.15 -1.3888219324974251
616 6.16 -1.3928339395349916
617 6.17 -1.396782988605299
618 6.18 -1.4006689294424461
619 6.19 -1.4044916152669167
620 6.2 -1.4082509027952206
621 6.21 -1.411946652249462
622 6.22 -1.4155787273666967
623 6.23 -1.4191469954082123
624 6.24 -1.4226513271685164
625 6.25 -1.4260915969842998
626 6.26 -1.4294676827431765
627 6.2700000000000005 -1.4327794658922421
628 6.28 -1.436026831446533
629 6.29 -1.4392096679972823
630 6.3 -1.4423278677199995
631 6.3100000000000005 -1.4453813263824529
632 6.32 -1.4483699433524535
633 6.33 -1.4512936216054086
634 6.34 -1.4541522677318781
635 6.3500000000000005 -1.456945791944829
636 6.36 -1.4596741080867162
637 6.37 -1.4623371336365736
638 6.38 -1.464934789716704
639 6.390000000000001 -1.4674670010994006
640 6.4 -1.4699336962134169
641 6.41 -1.4723348071502613
642 6.42 -1.4746702696703622
643 6.43 -1.4769400232091314
644 6.44 -1.4791440108826563
645 6.45 -1.4812821794934905
646 6.46 -1.4833544795360822
647 6.47 -1.4853608652021393
648 6.48 -1.4873012943858015
649 6.49 -1.4891757286886644
650 6.5 -1.4909841334245542
651 6.51 -1.492726477624302
652 6.5200000000000005 -1.494402734040186
653 6.53 -1.4960128791502996
654 6.54 -1.4975568931627592
655 6.55 -1.499034760019704
656 6.5600000000000005 -1.5004464674011189
657 6.57 -1.501792006728607
658 6.58 -1.5030713731687797
659 6.59 -1.5042845656368016
660 6.6000000000000005 -1.5054315867993964
661 6.61 -1.5065124430779804
662 6.62 -1.5075271446515188
663 6.63 -1.5084757054591975
664 6.640000000000001 -1.5093581432029453
665 6.65 -1.5101744793498355
666 6.66 -1.510924739134289
667 6.67 -1.511608951560092
668 6.68 -1.5122271494022428
669 6.69 -1.5127793692087224
670 6.7 -1.5132656513019924
671 6.71 -1.5136860397804028
672 6.72 -1.514040582519364
673 6.73 -1.5143293311724548
674 6.74 -1.514552341172255
675 6.75 -1.5147096717310546
676 6.76 -1.5148013858415013
677 6.7700000000000005 -1.514827550276884
678 6.78 -1.5147882355914675
679 6.79 -1.514683516120428
680 6.8 -1.5145134699798888
681 6.8100000000000005 -1.514278179066558
682 6.82 -1.5139777290573733
683 6.83 -1.5136122094088762
684 6.84 -1.5131817133564738
685 6.8500000000000005 -1.5126863379135003
686 6.86 -1.5121261838702011
687 6.87 -1.5115013557924613
688 6.88 -1.5108119620203837
689 6.890000000000001 -1.5100581146667835
690 6.9 -1.5092399296153758
691 6.91 -1.508357526519049
692 6.92 -1.5074110287976623
693 6.93 -1.5064005636359497
694 6.94 -1.5053262619810681
695 6.95 -1.5041882585401893
696 6.96 -1.5029866917777142
697 6.97 -1.501721703912473
698 6.98 -1.5003934409147561
699 6.99 -1.4990020525031085
700 7.0 -1.497547692141012
701 7.01 -1.4960305170335033
702 7.0200000000000005 -1.494450688123358
703 7.03 -1.4928083700875447
704 7.04 -1.4911037313330837
705 7.05 -1.4893369439930453
706 7.0600000000000005 -1.487508183922266
707 7.07 -1.4856176306929143
708 7.08 -1.4836654675900292
709 7.09 -1.4816518816066377
710 7.1000000000000005 -1.4795770634390664
711 7.11 -1.4774412074817604
712 7.12 -1.4752445118221402
713 7.13 -1.4729871782353783
714 7.140000000000001 -1.4706694121787933
715 7.15 -1.4682914227862298
716 7.16 -1.4658534228623665
717 7.17 -1.4633556288766272
718 7.18 -1.4607982609572758
719 7.19 -1.4581815428850007
720 7.2 -1.4555057020866968
721 7.21 -1.452770969628837
722 7.22 -1.4499775802107706
723 7.23 -1.4471257721579747
724 7.24 -1.4442157874150823
725 7.25 -1.441247871538657
726 7.26 -1.43822227369008
727 7.2700000000000005 -1.4351392466280117
728 7.28 -1.4319990467008878
729 7.29 -1.4288019338392672
730 7.3 -1.4255481715479377
731 7.3100000000000005 -1.422238026897972
732 7.32 -1.418871770518578
733 7.33 -1.4154496765888283
734 7.34 -1.4119720228293104
735 7.3500000000000005 -1.4084390904935518
736 7.36 -1.4048511643593145
737 7.37 -1.4012085327198207
738 7.38 -1.3975114873747856
739 7.390000000000001 -1.3937603236212937
740 7.4 -1.3899553402446685
741 7.41 -1.3860968395089515
742 7.42 -1.3821851271475225
743 7.43 -1.3782205123534794
744 7.44 -1.3742033077697897
745 7.45 -1.370133829479414
746 7.46 -1.3660123969954157
747 7.47 -1.3618393332505576
748 7.48 -1.357614964587242
749 7.49 -1.353339620746965
750 7.5 -1.3490136348598583
751 7.51 -1.3446373434338597
752 7.5200000000000005 -1.340211086344155
753 7.53 -1.3357352068220365
754 7.54 -1.331210051443989
755 7.55 -1.3266359701204493
756 7.5600000000000005 -1.3220133160845648
757 7.57 -1.3173424458807546
758 7.58 -1.3126237193531125
759 7.59 -1.3078574996338546
760 7.6000000000000005 -1.303044153131438
761 7.61 -1.2981840495187527
762 7.62 -1.2932775617210552
763 7.63 -1.2883250659038765
764 7.640000000000001 -1.2833269414607145
765 7.65 -1.2782835710007276
766 7.66 -1.2731953403362297
767 7.67 -1.2680626384701412
768 7.68 -1.2628858575832425
769 7.69 -1.2576653930213837
770 7.7 -1.2524016432825533
771 7.71 -1.247095010003875
772 7.72 -1.2417458979484337
773 7.73 -1.2363547149920606
774 7.74 -1.230921872109974
775 7.75 -1.2254477833632933
776 7.76 -1.219932865885525
777 7.7700000000000005 -1.214377539868849
778 7.78 -1.208782228550433
779 7.79 -1.2031473581985068
780 7.8 -1.1974733580983496
781 7.8100000000000005 -1.1917606605383355
782 7.82 -1.1860097007956938
783 7.83 -1.1802209171222984
784 7.84 -1.1743947507302863
785 7.8500000000000005 -1.168531645777577
786 7.86 -1.1626320493534195
787 7.87 -1.1566964114636136
788 7.88 -1.1507251850160145
789 7.890000000000001 -1.1447188258054553
790 7.9 -1.13867779249901
791 7.91 -1.1326025466210154
792 7.92 -1.1264935525377666
793 7.930000000000001 -1.120351277442765
794 7.94 -1.1141761913410306
795 7.95 -1.1079687670340235
796 7.96 -1.101729480104197
797 7.97 -1.0954588088995365
798 7.98 -1.0891572345178133
799 7.99 -1.0828252407911378
800 8.0 -1.0764633142700717
801 8.01 -1.07007194420801
802 8.02 -1.0636516225450947
803 8.03 -1.0572028438923695
804 8.040000000000001 -1.050726105515821
805 8.05 -1.044221907320079
806 8.06 -1.0376907518324572
807 8.07 -1.0311331441866116
808 8.08 -1.0245495921063394
809 8.09 -1.0179406058889526
810 8.1 -1.0113066983892622
811 8.11 -1.0046483850027101
812 8.120000000000001 -0.9979661836489413
813 8.13 -0.9912606147552339
814 8.14 -0.9845322012398299
815 8.15 -0.977781468495067
816 8.16 -0.9710089443706948
817 8.17 -0.9642151591569785
818 8.18 -0.9574006455679154
819 8.19 -0.9505659387240399
820 8.2 -0.9437115761356552
821 8.21 -0.9368380976855519
822 8.22 -0.9299460456121693
823 8.23 -0.9230359644921862
824 8.24 -0.9161084012234255
825 8.25 -0.909163905007631
826 8.26 -0.9022030273332291
827 8.27 -0.8952263219576793
828 8.28 -0.8882343448905488
829 8.290000000000001 -0.8812276543758486
830 8.3 -0.87420681087454
831 8.31 -0.8671723770472113
832 8.32 -0.860124917736357
833 8.33 -0.8530649999490691
834 8.34 -0.8459931928391882
835 8.35 -0.8389100676898806
836 8.36 -0.8318161978958756
837 8.370000000000001 -0.8247121589458288
838 8.38 -0.8175985284045169
839 8.39 -0.8104758858953858
840 8.4 -0.8033448130824468
841 8.41 -0.7962058936527114
842 8.42 -0.7890597132982862
843 8.43 -0.7819068596987506
844 8.44 -0.7747479225030247
845 8.45 -0.7675834933116619
846 8.46 -0.7604141656591992
847 8.47 -0.7532405349957401
848 8.48 -0.7460631986696455
849 8.49 -0.7388827559092022
850 8.5 -0.7316998078049437
851 8.51 -0.7245149572916887
852 8.52 -0.7173288091304357
853 8.53 -0.7101419698908558
854 8.540000000000001 -0.7029550479327042
855 8.55 -0.6957686533885123
856 8.56 -0.6885833981453686
857 8.57 -0.681399895826786
858 8.58 -0.6742187617753075
859 8.59 -0.6670406130340325
860 8.6 -0.659866068328995
861 8.61 -0.6526957480510873
862 8.620000000000001 -0.6455302742383253
863 8.63 -0.6383702705577718
864 8.64 -0.6312163622877449
865 8.65 -0.6240691763001109
866 8.66 -0.6169293410419812
867 8.67 -0.6097974865183744
868 8.68 -0.6026742442740272
869 8.69 -0.5955602473757438
870 8.700000000000001 -0.5884561303947464
871 8.71 -0.581362529388656
872 8.72 -0.5742800818838987
873 8.73 -0.5672094268579713
874 8.74 -0.5601512047219046
875 8.75 -0.5531060573023012
876 8.76 -0.5460746278239696
877 8.77 -0.5390575608925019
878 8.78 -0.532055502476112
879 8.790000000000001 -0.5250690998887819
880 8.8 -0.5180990017724127
881 8.81 -0.5111458580795443
882 8.82 -0.5042103200558472
883 8.83 -0.4972930402228144
884 8.84 -0.49039467236053724
885 8.85 -0.4835158714901979
886 8.86 -0.47665729385721534
887 8.870000000000001 -0.46981959691365205
888 8.88 -0.463003439301616
889 8.89 -0.45620948083546864
890 8.9 -0.4494383824857664
891 8.91 -0.4426908063612416
892 8.92 -0.4359674156928577
893 8.93 -0.42926887481635845
894 8.94 -0.42259584915558435
895 8.950000000000001 -0.415949005205988
896 8.96 -0.40932901051780846
897 8.97 -0.40273653367947304
898 8.98 -0.39617224430122633
899 8.99 -0.38963681299830455
900 9.0 -0.3831309113750194
901 9.01 -0.37665521200810304
902 9.02 -0.37021038843073484
903 9.03 -0.3637971151161139
904 9.040000000000001 -0.3574160674614575
905 9.05 -0.35106792177228385
906 9.06 -0.34475335524589923
907 9.07 -0.33847304595624905
908 9.08 -0.3322276728374334
909 9.09 -0.3260179156686718
910 9.1 -0.3198444550582167
911 9.11 -0.3137079724283751
912 9.120000000000001 -0.3076091499995357
913 9.13 -0.30154867077519043
914 9.14 -0.2955272185266722
915 9.15 -0.2895454777779207
916 9.16 -0.28360413379081706
917 9.17 -0.2777038725493526
918 9.18 -0.2718453807461856
919 9.19 -0.26602934576652615
920 9.200000000000001 -0.2602564556744369
921 9.21 -0.25452739919788314
922 9.22 -0.24884286571452208
923 9.23 -0.24320354523734977
924 9.24 -0.2376101284002914
925 9.25 -0.2320633064446156
926 9.26 -0.22656377120449633
927 9.27 -0.22111221509339885
928 9.28 -0.21570933109038037
929 9.290000000000001 -0.2103558127263625
930 9.3 -0.20505235407054556
931 9.31 -0.19979964971756203
932 9.32 -0.1945983947735499
933 9.33 -0.18944928484336288
934 9.34 -0.18435301601795118
935 9.35 -0.17931028486088962
936 9.36 -0.17432178839567314
937 9.370000000000001 -0.1693882240938933
938 9.38 -0.16451028986205074
939 9.39 -0.15968868402933367
940 9.4 -0.1549241053356809
941 9.41 -0.1502172529196173
942 9.42 -0.14556882630648715
943 9.43 -0.1409795253964603
944 9.44 -0.13645005045322023
945 9.450000000000001 -0.1319811020920838
946 9.46 -0.12757338126925788
947 9.47 -0.12322758927030009
948 9.48 -0.11894442769926172
949 9.49 -0.11472459846771699
950 9.5 -0.11056880378401956
951 9.51 -0.10647774614341188
952 9.52 -0.10245212831648587
953 9.53 -0.09849265334008805
954 9.540000000000001 -0.0946000245066898
955 9.55 -0.09077494535443975
956 9.56 -0.08701811965801198
957 9.57 -0.08333025141826056
958 9.58 -0.07971204485363614
959 9.59 -0.07616420439040894
960 9.6 -0.07268743465397165
961 9.61 -0.06928244045957399
962 9.620000000000001 -0.06594992680425094
963 9.63 -0.06269059885784145
964 9.64 -0.0595051619547462
965 9.65 -0.05639432158619684
966 9.66 -0.05335878339150213
967 9.67 -0.05039925315122673
968 9.68 -0.047516436778664684
969 9.69 -0.044711040313586636
970 9.700000000000001 -0.041983769913770175
971 9.71 -0.03933533184880389
972 9.72 -0.036766432493436696
973 9.73 -0.03427777832018819
974 9.74 -0.031870075893607464
975 9.75 -0.02954403186373611
976 9.76 -0.027300352960367036
977 9.77 -0.025139745986905382
978 9.78 -0.0230629178148547
979 9.790000000000001 -0.021070575378757894
980 9.8 -0.01916342567068341
981 9.81 -0.017342175735109322
982 9.82 -0.015607532664716928
983 9.83 -0.013960203595161147
984 9.84 -0.012400895701375703
985 9.85 -0.01093031619291196
986 9.86 -0.00954917231069885
987 9.870000000000001 -0.008258171322609087
988 9.88 -0.007058020520560149
989 9.89 -0.005949427217046832
990 9.9 -0.004933098742412767
991 9.91 -0.004009742441326125
992 9.92 -0.003180065671870125
993 9.93 -0.0024447758009387144
994 9.94 -0.0018045802042365722
995 9.950000000000001 -0.0012601862631527183
996 9.96 -0.0008123013643057675
997 9.97 -0.0004616328964743843
998 9.98 -0.00020888825133624778
999 9.99 -5.477482153537494e-05
1000 10.0 5.684341886080802e-14
1001 10.01 -4.5035463719088734e-05
1002 10.02 -0.00018941002356623486
1003 10.03 -0.00043241677411885775
1004 10.040000000000001 -0.0007733488104671513
1005 10.05 -0.0012114992288221145
1006 10.06 -0.0017461611273652921
1007 10.07 -0.002376627607342342
1008 10.08 -0.003102191774396817
1009 10.09 -0.003922146740144638
1010 10.1 -0.0048357856239832474
1011 10.11 -0.005842401555139296
1012 10.120000000000001 -0.0069412876749481225
1013 10.13 -0.008131737139365882
1014 10.14 -0.009413043121712605
1015 10.15 -0.010784498815642505
1016 10.16 -0.012245397438342829
1017 10.17 -0.013795032233955767
1018 10.18 -0.015432696477225026
1019 10.19 -0.01715768347736339
1020 10.200000000000001 -0.018969286582140654
1021 10.21 -0.020866799182186358
1022 10.22 -0.0228495147155154
1023 10.23 -0.024916726672260227
1024 10.24 -0.027067728599621328
1025 10.25 -0.029301814107026404
1026 10.26 -0.03161827687149873
1027 10.27 -0.034016410643232735
1028 10.28 -0.03649550925137671
1029 10.290000000000001 -0.039054866610018196
1030 10.3 -0.04169377672436876
1031 10.31 -0.044411533697156357
1032 10.32 -0.04720743173520831
1033 10.33 -0.05008076515623627
1034 10.34 -0.05303082839581364
1035 10.35 -0.05605691601454745
1036 10.36 -0.0591583227054412
1037 10.370000000000001 -0.06233434330144912
1038 10.38 -0.06558427278321312
1039 10.39 -0.06890740628699478
1040 10.4 -0.07230303911278346
1041 10.41 -0.07577046673259297
1042 10.42 -0.07930898479893383
1043 10.43 -0.08291788915347036
1044 10.44 -0.08659647583585126
1045 10.450000000000001 -0.09034404109271806
1046 10.46 -0.0941598813868839
1047 10.47 -0.09804329340669116
1048 10.48 -0.10199357407553318
1049 10.49 -0.10601002056154674
1050 10.5 -0.11009193028747301
1051 10.51 -0.11423860094068092
1052 10.52 -0.11844933048335604
1053 10.53 -0.12272341716285132
1054 10.540000000000001 -0.127060159522195
1055 10.55 -0.131458856410758
1056 10.56 -0.13591880699508108
1057 10.57 -0.14043931076985194
1058 10.58 -0.14501966756903642
1059 10.59 -0.1496591775771619
1060 10.6 -0.15435714134075051
1061 10.61 -0.15911285977989714
1062 10.620000000000001 -0.16392563419999803
1063 10.63 -0.1687947663036167
1064 10.64 -0.17371955820250043
1065 10.65 -0.17869931242973164
1066 10.66 -0.18373333195201927
1067 10.67 -0.18882092018212912
1068 10.68 -0.19396138099144772
1069 10.69 -0.1991540187226807
1070 10.700000000000001 -0.20439813820268526
1071 10.71 -0.20969304475542436
1072 10.72 -0.21503804421506426
1073 10.73 -0.22043244293918485
1074 10.74 -0.22587554782212177
1075 10.75 -0.23136666630843067
1076 10.76 -0.23690510640647322
1077 10.77 -0.24249017670212195
1078 10.78 -0.2481211863725848
1079 10.790000000000001 -0.25379744520034464
1080 10.8 -0.25951826358721264
1081 10.81 -0.2652829525684988
1082 10.82 -0.2710908238272896
1083 10.83 -0.2769411897088353
1084 10.84 -0.2828333632350469
1085 10.85 -0.2887666581190995
1086 10.86 -0.2947403887801369
1087 10.870000000000001 -0.30075387035808276
1088 10.88 -0.3068064187285477
1089 10.89 -0.3128973505178419
1090 10.9 -0.31902598311808195
1091 10.91 -0.32519163470239076
1092 10.92 -0.3313936242401972
1093 10.93 -0.3376312715126233
1094 10.94 -0.3439038971279653
1095 10.950000000000001 -0.35021082253726304
1096 10.96 -0.3565513700499523
1097 10.97 -0.36292486284961256
1098 10.98 -0.3693306250097889
1099 10.99 -0.37576798150990126
1100 11.0 -0.3822362582512321
1101 11.01 -0.38873478207299383
1102 11.02 -0.3952628807684747
1103 11.03 -0.40181988310125716
1104 11.040000000000001 -0.40840511882151376
1105 11.05 -0.4150179186823689
1106 11.06 -0.4216576144563412
1107 11.07 -0.4283235389518446
1108 11.08 -0.4350150260297625
1109 11.09 -0.44173141062008503
1110 11.1 -0.4484720287386108
1111 11.11 -0.4552362175037109
1112 11.120000000000001 -0.4620233151531541
1113 11.13 -0.4688326610609855
1114 11.14 -0.47566359575447426
1115 11.15 -0.4825154609311042
1116 11.16 -0.4893875994756248
1117 11.17 -0.4962793554771534
1118 11.18 -0.5031900742463282
1119 11.19 -0.5101191023325085
1120 11.200000000000001 -0.5170657875410265
1121 11.21 -0.5240294789504758
1122 11.22 -0.5310095269300579
1123 11.23 -0.5380052831569574
1124 11.24 -0.5450161006337677
1125 11.25 -0.5520413337059493
1126 11.26 -0.5590803380793299
1127 11.27 -0.5661324708376398
1128 11.28 -0.5731970904600792
1129 11.290000000000001 -0.5802735568389227
1130 11.3 -0.5873612312971468
1131 11.31 -0.5944594766061007
1132 11.32 -0.6015676570031904
1133 11.33 -0.6086851382095984
1134 11.34 -0.615811287448025
1135 11.35 -0.6229454734604528
1136 11.36 -0.6300870665259342
1137 11.370000000000001 -0.6372354384783976
1138 11.38 -0.6443899627244709
1139 11.39 -0.6515500142613273
1140 11.4 -0.6587149696945398
1141 11.41 -0.6658842072559538
1142 11.42 -0.6730571068215694
1143 11.43 -0.6802330499294366
1144 11.44 -0.6874114197975593
1145 11.450000000000001 -0.6945916013418033
1146 11.46 -0.7017729811938156
1147 11.47 -0.7089549477189465
1148 11.48 -0.7161368910341721
1149 11.49 -0.723318203026022
1150 11.5 -0.7304982773685034
1151 11.51 -0.737676509541027
1152 11.52 -0.7448522968463274
1153 11.53 -0.7520250384283804
1154 11.540000000000001 -0.7591941352903132
1155 11.55 -0.7663589903123044
1156 11.56 -0.7735190082694846
1157 11.57 -0.7806735958498132
1158 11.58 -0.7878221616719523
1159 11.59 -0.7949641163031258
1160 11.6 -0.8020988722769574
1161 11.61 -0.8092258441113025
1162 11.620000000000001 -0.8163444483260517
1163 11.63 -0.8234541034609195
1164 11.64 -0.8305542300932166
1165 11.65 -0.8376442508555911
1166 11.66 -0.8447235904537517
1167 11.67 -0.8517916756841647
1168 11.68 -0.8588479354517226
1169 11.69 -0.8658918007873865
1170 11.700000000000001 -0.8729227048657981
1171 11.71 -0.8799400830228599
1172 11.72 -0.886943372773287
1173 11.73 -0.89393201382812
1174 11.74 -0.9009054481122051
1175 11.75 -0.9078631197816386
1176 11.76 -0.9148044752411703
1177 11.77 -0.9217289631615728
1178 11.78 -0.9286360344969639
1179 11.790000000000001 -0.935525142502093
1180 11.8 -0.9423957427495742
1181 11.81 -0.9492472931470914
1182 11.82 -0.9560792539545399
1183 11.83 -0.9628910878011294
1184 11.84 -0.9696822597024372
1185 11.85 -0.9764522370774088
1186 11.86 -0.9832004897653103
1187 11.870000000000001 -0.9899264900426259
1188 11.88 -0.9966297126398953
1189 11.89 -1.0033096347585142
1190 11.9 -1.0099657360874548
1191 11.91 -1.0165974988199395
1192 11.92 -1.0232044076700606
1193 11.93 -1.0297859498893263
1194 11.94 -1.0363416152831555
1195 11.950000000000001 -1.042870896227304
1196 11.96 -1.049373287684224
1197 11.97 -1.0558482872193689
1198 11.98 -1.0622953950174132
1199 11.99 -1.0687141138984217
1200 12.0 -1.0751039493339376
1201 12.01 -1.081464409463005
1202 12.02 -1.0877950051081149
1203 12.030000000000001 -1.0940952497910867
1204 12.040000000000001 -1.100364659748859
1205 12.05 -1.1066027539492274
1206 12.06 -1.1128090541064821
1207 12.07 -1.118983084696986
1208 12.08 -1.1251243729746576
1209 12.09 -1.1312324489863899
1210 12.1 -1.1373068455873687
1211 12.11 -1.14334709845633
1212 12.120000000000001 -1.1493527461107118
1213 12.13 -1.1553233299217325
1214 12.14 -1.161258394129385
1215 12.15 -1.167157485857336
1216 12.16 -1.1730201551277395
1217 12.17 -1.1788459548759596
1218 12.18 -1.18463444096521
1219 12.19 -1.1903851722010834
1220 12.200000000000001 -1.1960977103460146
1221 12.21 -1.2017716201336164
1222 12.22 -1.207406469282955
1223 12.23 -1.2130018285127007
1224 12.24 -1.2185572715551956
1225 12.25 -1.2240723751704223
1226 12.26 -1.2295467191598652
1227 12.27 -1.2349798863802788
1228 12.280000000000001 -1.2403714627573519
1229 12.290000000000001 -1.2457210372992655
1230 12.3 -1.2510282021101558
1231 12.31 -1.2562925524034596
1232 12.32 -1.2615136865151673
1233 12.33 -1.2666912059169573
1234 12.34 -1.2718247152292306
1235 12.35 -1.276913822234034
1236 12.36 -1.2819581378878715
1237 12.370000000000001 -1.2869572763344082
1238 12.38 -1.2919108549170584
1239 12.39 -1.2968184941914658
1240 12.4 -1.3016798179378681
1241 12.41 -1.306494453173342
1242 12.42 -1.3112620301639415
1243 12.43 -1.315982182436713
1244 12.44 -1.3206545467915936
1245 12.450000000000001 -1.3252787633131995
1246 12.46 -1.3298544753824744
1247 12.47 -1.334381329688246
1248 12.48 -1.338858976238639
1249 12.49 -1.3432870683723745
1250 12.5 -1.347665262769949
1251 12.51 -1.351993219464683
1252 12.52 -1.3562706018536521
1253 12.530000000000001 -1.36049707670849
1254 12.540000000000001 -1.3646723141860546
1255 12.55 -1.3687959878389953
1256 12.56 -1.3728677746261608
1257 12.57 -1.376887354922892
1258 12.58 -1.3808544125311935
1259 12.59 -1.384768634689757
1260 12.6 -1.3886297120838678
1261 12.61 -1.3924373388551756
1262 12.620000000000001 -1.3961912126113298
1263 12.63 -1.3998910344354805
1264 12.64 -1.403536508895653
1265 12.65 -1.40712734405398
1266 12.66 -1.4106632514758002
1267 12.67 -1.4141439462386227
1268 12.68 -1.41756914694095
1269 12.69 -1.4209385757109687
1270 12.700000000000001 -1.4242519582150934
1271 12.71 -1.427509023666388
1272 12.72 -1.4307095048328193
1273 12.73 -1.4338531380454
1274 12.74 -1.4369396632061715
1275 12.75 -1.4399688237960513
1276 12.76 -1.4429403668825378
1277 12.77 -1.4458540431272673
1278 12.780000000000001 -1.4487096067934377
1279 12.790000000000001 -1.4515068157530697
1280 12.8 -1.454245431494149
1281 12.81 -1.456925219127596
1282 12.82 -1.4595459473941053
1283 12.83 -1.4621073886708378
1284 12.84 -1.4646093189779545
1285 12.85 -1.4670515179850168
1286 12.86 -1.4694337690172286
1287 12.870000000000001 -1.4717558590615307
1288 12.88 -1.474017578772549
1289 12.89 -1.476218722478385
1290 12.9 -1.478359088186274
1291 12.91 -1.4804384775880606
1292 12.92 -1.4824566960655567
1293 12.93 -1.4844135526957252
1294 12.94 -1.4863088602557162
1295 12.950000000000001 -1.4881424352277515
1296 12.96 -1.4899140978038599
1297 12.97 -1.491623671890446
1298 12.98 -1.493270985112722
1299 12.99 -1.4948558688189668
1300 13.0 -1.4963781580846374
1301 13.01 -1.4978376917163296
1302 13.02 -1.4992343122555787
1303 13.030000000000001 -1.5005678659824917
1304 13.040000000000001 -1.5018382029192487
1305 13.05 -1.5030451768334148
1306 13.06 -1.5041886452411304
1307 13.07 -1.5052684694100984
1308 13.08 -1.5062845143624655
1309 13.09 -1.5072366488774986
1310 13.1 -1.5081247454941256
1311 13.11 -1.508948680513317
1312 13.120000000000001 -1.5097083340002904
1313 13.13 -1.5104035897865868
1314 13.14 -1.5110343354719435
1315 13.15 -1.511600462426049
1316 13.16 -1.5121018657901
1317 13.17 -1.5125384444782348
1318 13.18 -1.5129101011787647
1319 13.19 -1.5132167423552785
1320 13.200000000000001 -1.5134582782475565
1321 13.21 -1.5136346228723534
1322 13.22 -1.5137456940239753
1323 13.23 -1.5137914132747587
1324 13.24 -1.5137717059752998
1325 13.25 -1.5136865012546128
1326 13.26 -1.513535732020049
1327 13.27 -1.513319334957104
1328 13.280000000000001 -1.5130372505290293
1329 13.290000000000001 -1.5126894229762948
1330 13.3 -1.5122758003158943
1331 13.31 -1.5117963343404632
1332 13.32 -1.511250980617251
1333 13.33 -1.5106396984869326
1334 13.34 -1.5099624510622345
1335 13.35 -1.5092192052264126
1336 13.36 -1.5084099316315775
1337 13.370000000000001 -1.5075346046968097
1338 13.38 -1.5065932026061617
1339 13.39 -1.5055857073064747
1340 13.4 -1.5045121045050074
1341 13.41 -1.5033723836669468
1342 13.42 -1.5021665380127152
1343 13.43 -1.5008945645151224
1344 13.44 -1.499556463896365
1345 13.450000000000001 -1.4981522406248429
1346 13.46 -1.4966819029118295
1347 13.47 -1.4951454627079581
1348 13.48 -1.4935429356995567
1349 13.49 -1.491874341304805
1350 13.5 -1.4901397026697492
1351 13.51 -1.4883390466641275
1352 13.52 -1.486472403877035
1353 13.530000000000001 -1.4845398086124417
1354 13.540000000000001 -1.4825412988845281
1355 13.55 -1.4804769164128553
1356 13.56 -1.4783467066173888
1357 13.57 -1.4761507186133374
1358 13.58 -1.47388900520584
1359 13.59 -1.4715616228844777
1360 13.6 -1.4691686318176371
1361 13.61 -1.466710095846694
1362 13.620000000000001 -1.4641860824800554
1363 13.63 -1.4615966628869979
1364 13.64 -1.4589419118913867
1365 13.65 -1.4562219079652108
1366 13.66 -1.4534367332219533
1367 13.67 -1.4505864734097909
1368 13.68 -1.4476712179046736
1369 13.69 -1.4446910597031746
1370 13.700000000000001 -1.4416460954152317
1371 13.71 -1.4385364252567143
1372 13.72 -1.4353621530418117
1373 13.73 -1.4321233861752738
1374 13.74 -1.4288202356444915
1375 13.75 -1.4254528160114122
1376 13.76 -1.4220212454042933
1377 13.77 -1.4185256455092947
1378 13.780000000000001 -1.4149661415619255
1379 13.790000000000001 -1.4113428623382998
1380 13.8 -1.407655940146273
1381 13.81 -1.4039055108163812
1382 13.82 -1.4000917136926487
1383 13.83 -1.3962146916232188
1384 13.84 -1.3922745909508478
1385 13.85 -1.3882715615032133
1386 13.86 -1.38420575658309
1387 13.870000000000001 -1.380077332958356
1388 13.88 -1.3758864508518371
1389 13.89 -1.3716332739310104
1390 13.9 -1.3673179692975488
1391 13.91 -1.3629407074766844
1392 13.92 -1.358501662406467
1393 13.93 -1.3540010114268108
1394 13.94 -1.349438935268437
1395 13.950000000000001 -1.3448156180416166
1396 13.96 -1.340131247224809
1397 13.97 -1.3353860136531024
1398 13.98 -1.3305801115065368
1399 13.99 -1.325713738298246
1400 14.0 -1.3207870948624745
1401 14.01 -1.3158003853424223
1402 14.02 -1.3107538171779396
1403 14.030000000000001 -1.305647601093117
1404 14.040000000000001 -1.3004819510836434
1405 14.05 -1.2952570844040903
1406 14.06 -1.2899732215549964
1407 14.07 -1.2846305862698664
1408 14.08 -1.279229405501928
1409 14.09 -1.273769909410845
1410 14.1 -1.268252331349201
1411 14.11 -1.262676907848892
1412 14.120000000000001 -1.2570438786073552
1413 14.13 -1.2513534864736382
1414 14.14 -1.2456059774343586
1415 14.15 -1.2398016005994794
1416 14.16 -1.2339406081879858
1417 14.17 -1.2280232555133743
1418 14.18 -1.2220498009690441
1419 14.19 -1.2160205060135194
1420 14.200000000000001 -1.209935635155535
1421 14.21 -1.2037954559389945
1422 14.22 -1.197600238927775
1423 14.23 -1.1913502576904165
1424 14.24 -1.1850457887846364
1425 14.25 -1.1786871117417483
1426 14.26 -1.1722745090509221
1427 14.27 -1.1658082661433014
1428 14.280000000000001 -1.1592886713760073
1429 14.290000000000001 -1.1527160160160115
1430 14.3 -1.1460905942238355
1431 14.31 -1.1394127030371681
1432 14.32 -1.1326826423543075
1433 14.33 -1.1259007149175257
1434 14.34 -1.1190672262962398
1435 14.35 -1.1121824848700914
1436 14.36 -1.1052468018119068
1437 14.370000000000001 -1.0982604910704818
1438 14.38 -1.0912238693533087
1439 14.39 -1.084137256109111
1440 14.4 -1.077000973510284
1441 14.41 -1.0698153464352114
1442 14.42 -1.062580702450452
1443 14.43 -1.0552973717928218
1444 14.44 -1.0479656873512937
1445 14.450000000000001 -1.0405859846488603
1446 14.46 -1.0331586018242138
1447 14.47 -1.0256838796133305
1448 14.48 -1.0181621613309346
1449 14.49 -1.0105937928518394
1450 14.5 -1.0029791225921763
1451 14.51 -0.9953185014904893
1452 14.52 -0.9876122829887422
1453 14.530000000000001 -0.9798608230132189
1454 14.540000000000001 -0.972064479955236
1455 14.55 -0.9642236146518535
1456 14.56 -0.9563385903663626
1457 14.57 -0.9484097727687519
1458 14.58 -0.9404375299160197
1459 14.59 -0.9324222322323656
1460 14.6 -0.9243642524893136
1461 14.61 -0.9162639657856957
1462 14.620000000000001 -0.90812174952754
1463 14.63 -0.8999379834078542
1464 14.64 -0.8917130493862988
1465 14.65 -0.8834473316687745
1466 14.66 -0.875141216686858
1467 14.67 -0.8667950930772292
1468 14.68 -0.8584093516608835
1469 14.69 -0.8499843854223155
1470 14.700000000000001 -0.8415205894886171
1471 14.71 -0.8330183611084134
1472 14.72 -0.8244780996307401
1473 14.73 -0.8159002064838496
1474 14.74 -0.8072850851538824
1475 14.75 -0.7986331411634318
1476 14.76 -0.7899447820500551
1477 14.77 -0.7812204173447199
1478 14.780000000000001 -0.7724604585500447
1479 14.790000000000001 -0.7636653191185871
1480 14.8 -0.7548354144309375
1481 14.81 -0.7459711617737845
1482 14.82 -0.7370729803178762
1483 14.83 -0.7281412910958931
1484 14.84 -0.7191765169802284
1485 14.85 -0.7101790826607086
1486 14.86 -0.7011494146222184
1487 14.870000000000001 -0.6920879411222298
1488 14.88 -0.6829950921682766
1489 14.89 -0.6738712994953175
1490 14.9 -0.6647169965430741
1491 14.91 -0.6555326184332344
1492 14.92 -0.6463186019466001
1493 14.93 -0.6370753855001858
1494 14.94 -0.6278034091241835
1495 14.950000000000001 -0.6185031144389335
1496 14.96 -0.6091749446317607
1497 14.97 -0.5998193444337616
1498 14.98 -0.5904367600965159
1499 14.99 -0.5810276393687488
1500 15.0 -0.5715924314729008
1501 15.01 -0.5621315870816623
1502 15.02 -0.5526455582943797
1503 15.030000000000001 -0.5431347986134973
1504 15.040000000000001 -0.5335997629208507
1505 15.05 -0.5240409074539087
1506 15.06 -0.5144586897820211
1507 15.07 -0.5048535687825151
1508 15.08 -0.4952260046168142
1509 15.09 -0.48557645870645416
1510 15.1 -0.4759053937090094
1511 15.11 -0.4662132734940876
1512 15.120000000000001 -0.4565005631191177
1513 15.13 -0.44676772880520943
1514 15.14 -0.43701523791287755
1515 15.15 -0.42724355891777677
1516 15.16 -0.41745316138632305
1517 15.17 -0.40764451595133266
1518 15.18 -0.3978180942876044
1519 15.19 -0.38797436908737026
1520 15.200000000000001 -0.37811381403582445
1521 15.21 -0.36823690378655627
1522 15.22 -0.35834411393688015
1523 15.23 -0.34843592100329346
1524 15.24 -0.33851280239662884
1525 15.25 -0.32857523639748365
1526 15.26 -0.31862370213132607
1527 15.27 -0.3086586795437718
1528 15.280000000000001 -0.2986806493757008
1529 15.290000000000001 -0.2886900931384204
1530 15.3 -0.27868749308871443
1531 15.31 -0.26867333220393874
1532 15.32 -0.2586480941570777
1533 15.33 -0.24861226329167607
1534 15.34 -0.23856632459688498
1535 15.35 -0.22851076368239376
1536 15.36 -0.21844606675333367
1537 15.370000000000001 -0.20837272058519218
1538 15.38 -0.19829121249872372
1539 15.39 -0.18820203033474314
1540 15.4 -0.17810566242902937
1541 15.41 -0.1680025975870727
1542 15.42 -0.15789332505896425
1543 15.43 -0.14777833451406153
1544 15.44 -0.13765811601588496
1545 15.450000000000001 -0.12753315999676929
1546 15.46 -0.11740395723265351
1547 15.47 -0.10727099881779978
1548 15.48 -0.09713477613950872
1549 15.49 -0.08699578085283477
1550 15.5 -0.07685450485524825
1551 15.51 -0.06671144026140396
1552 15.52 -0.05656707937774996
1553 15.530000000000001 -0.0464219146772713
1554 15.540000000000001 -0.036276438774123676
1555 15.55 -0.026131144398359396
1556 15.56 -0.01598652437053616
1557 15.57 -0.005843071576475012
1558 15.58 0.004298721058134447
1559 15.59 0.014438360592983202
1560 15.6 0.024575354098526958
1561 15.610000000000001 0.03470920868121752
1562 15.620000000000001 0.044839431508883365
1563 15.63 0.054965529835971694
1564 15.64 0.06508701102883663
1565 15.65 0.07520338259103099
1566 15.66 0.08531415218857319
1567 15.67 0.09541882767518572
1568 15.68 0.10551691711751232
1569 15.69 0.11560792882037418
1570 15.700000000000001 0.1256913713519765
1571 15.71 0.13576675356903678
1572 15.72 0.1458335846420482
1573 15.73 0.1558913740803085
1574 15.74 0.16593963175719395
1575 15.75 0.1759778679350923
1576 15.76 0.18600559329065547
1577 15.77 0.19602231893972544
1578 15.780000000000001 0.20602755646241633
1579 15.790000000000001 0.21602081792809713
1580 15.8 0.22600161592041346
1581 15.81 0.2359694635621814
1582 15.82 0.2459238745402743
1583 15.83 0.25586436313059835
1584 15.84 0.2657904442228336
1585 15.85 0.2757016333453066
1586 15.860000000000001 0.2855974466897777
1587 15.870000000000001 0.2954774011360968
1588 15.88 0.3053410142770261
1589 15.89 0.3151878044427576
1590 15.9 0.32501729072568963
1591 15.91 0.33482899300486935
1592 15.92 0.34462243197058484
1593 15.93 0.35439712914885035
1594 15.94 0.36415260692585605
1595 15.950000000000001 0.3738883885724036
1596 15.96 0.3836039982681356
1597 15.97 0.39329896112592877
1598 15.98 0.402972803216187
1599 15.99 0.412625051590922
1600 16.0 0.4222552343079826
1601 16.01 0.43186288045506416
1602 16.02 0.44144752017392364
1603 16.03 0.45100868468413324
1604 16.04 0.4605459063071251
1605 16.05 0.47005871849007264
1606 16.06 0.47954665582965816
1607 16.07 0.4890092540958122
1608 16.080000000000002 0.49844605025536737
1609 16.09 0.5078565824957693
1610 16.1 0.5172403902485314
1611 16.11 0.5265970142128324
1612 16.12 0.5359259963788148
1613 16.13 0.5452268800509685
1614 16.14 0.5544992098715369
1615 16.15 0.5637425318435447
1616 16.16 0.5729563933541115
1617 16.17 0.582140343197409
1618 16.18 0.5912939315976828
1619 16.19 0.6004167102322313
1620 16.2 0.609508232254143
1621 16.21 0.6185680523152257
1622 16.22 0.6275957265885381
1623 16.23 0.6365908127911126
1624 16.240000000000002 0.6455528702064086
1625 16.25 0.6544814597068367
1626 16.26 0.6633761437760484
1627 16.27 0.6722364865313679
1628 16.28 0.6810620537457694
1629 16.29 0.6898524128701737
1630 16.3 0.698607133055468
1631 16.31 0.707325785174298
1632 16.32 0.7160079418431096
1633 16.330000000000002 0.7246531774437557
1634 16.34 0.7332610681452323
1635 16.35 0.7418311919253355
1636 16.36 0.7503631285919496
1637 16.37 0.7588564598046545
1638 16.38 0.7673107690958574
1639 16.39 0.7757256418921017
1640 16.4 0.7841006655350711
1641 16.41 0.7924354293026852
1642 16.42 0.8007295244299755
1643 16.43 0.8089825441298188
1644 16.44 0.8171940836137708
1645 16.45 0.825363740112536
1646 16.46 0.8334911128965317
1647 16.47 0.8415758032962728
1648 16.48 0.8496174147226441
1649 16.490000000000002 0.8576155526871503
1650 16.5 0.865569824821776
1651 16.51 0.8734798408992503
1652 16.52 0.881345212852672
1653 16.53 0.8891655547953334
1654 16.54 0.8969404830403747
1655 16.55 0.9046696161202306
1656 16.56 0.9123525748061354
1657 16.57 0.919988982127343
1658 16.580000000000002 0.9275784633902688
1659 16.59 0.9351206461976886
1660 16.6 0.9426151604675113
1661 16.61 0.9500616384517855
1662 16.62 0.957459714755224
1663 16.63 0.9648090263538975
1664 16.64 0.9721092126137236
1665 16.65 0.9793599153086632
1666 16.66 0.9865607786391593
1667 16.67 0.9937114492500356
1668 16.68 1.0008115762486014
1669 16.69 1.0078608112224074
1670 16.7 1.0148588082570527
1671 16.71 1.0218052239536988
1672 16.72 1.0286997174465995
1673 16.73 1.0355419504204377
1674 16.740000000000002 1.0423315871274355
1675 16.75 1.0490682944045915
1676 16.76 1.0557517416904716
1677 16.77 1.0623816010421478
1678 16.78 1.0689575471518111
1679 16.79 1.075479257363341
1680 16.8 1.0819464116886977
1681 16.81 1.0883586928242224
1682 16.82 1.0947157861667876
1683 16.830000000000002 1.1010173798297842
1684 16.84 1.107263164658967
1685 16.85 1.1134528342482426
1686 16.86 1.1195860849551948
1687 16.87 1.1256626159166103
1688 16.88 1.1316821290636767
1689 16.89 1.1376443291372738
1690 16.9 1.1435489237028946
1691 16.91 1.1493956231655744
1692 16.92 1.1551841407846979
1693 16.93 1.1609141926883666
1694 16.94 1.1665854978881782
1695 16.95 1.1721977782931958
1696 16.96 1.1777507587243718
1697 16.97 1.1832441669283469
1698 16.98 1.1886777335914616
1699 16.990000000000002 1.1940511923534416
1700 17.0 1.1993642798208555
1701 17.01 1.2046167355806716
1702 17.02 1.209808302213304
1703 17.03 1.2149387253060837
1704 17.04 1.2200077534658078
1705 17.05 1.225015138331898
1706 17.06 1.2299606345887781
1707 17.07 1.2348439999784802
1708 17.080000000000002 1.239664995313035
1709 17.09 1.244423384486666
1710 17.1 1.2491189344877114
1711 17.11 1.2537514154105764
1712 17.12 1.2583206004674423
1713 17.13 1.2628262659998342
1714 17.14 1.2672681914900608
1715 17.150000000000002 1.2716461595723132
1716 17.16 1.275959956043991
1717 17.17 1.2802093698763883
1718 17.18 1.2843941932256797
1719 17.19 1.288514221443279
1720 17.2 1.292569253086569
1721 17.21 1.2965590899289623
1722 17.22 1.3004835369700487
1723 17.23 1.3043424024456698
1724 17.240000000000002 1.308135497837739
1725 17.25 1.3118626378835643
1726 17.26 1.3155236405857664
1727 17.27 1.3191183272211475
1728 17.28 1.3226465223501833
1729 17.29 1.3261080538257062
1730 17.3 1.3295027528020285
1731 17.31 1.3328304537432416
1732 17.32 1.3360909944319133
1733 17.330000000000002 1.339284215977301
1734 17.34 1.3424099628236092
1735 17.35 1.3454680827577619
1736 17.36 1.3484584269173325
1737 17.37 1.351380849798261
1738 17.38 1.3542352092620433
1739 17.39 1.3570213665432789
1740 17.400000000000002 1.3597391862568173
1741 17.41 1.36238853640441
1742 17.42 1.3649692883818432
1743 17.43 1.3674813169853337
1744 17.44 1.36992450041798
1745 17.45 1.372298720296257
1746 17.46 1.3746038616557854
1747 17.47 1.3768398129574564
1748 17.48 1.379006466093216
1749 17.490000000000002 1.3811037163915074
1750 17.5 1.3831314626226714
1751 17.51 1.3850896070044456
1752 17.52 1.3869780552067255
1753 17.53 1.3887967163565378
1754 17.54 1.3905455030428442
1755 17.55 1.3922243313209748
1756 17.56 1.3938331207170904
1757 17.57 1.3953717942322186
1758 17.580000000000002 1.396840278346474
1759 17.59 1.3982385030226823
1760 17.6 1.399566401710274
1761 17.61 1.4008239113485956
1762 17.62 1.4020109723702205
1763 17.63 1.403127528704303
1764 17.64 1.4041735277792498
1765 17.650000000000002 1.4051489205257184
1766 17.66 1.4060536613791754
1767 17.67 1.40688770828217
1768 17.68 1.407651022686963
1769 17.69 1.408343569557232
1770 17.7 1.408965317370047
1771 17.71 1.4095162381178596
1772 17.72 1.4099963073098252
1773 17.73 1.4104055039731236
1774 17.740000000000002 1.410743810654381
1775 17.75 1.411011213420423
1776 17.76 1.4112077018594533
1777 17.77 1.4113332690813678
1778 17.78 1.4113879117184922
1779 17.79 1.4113716299258243
1780 17.8 1.4112844273810623
1781 17.81 1.4111263112847894
1782 17.82 1.4108972923600618
1783 17.830000000000002 1.4105973848520392
1784 17.84 1.4102266065275728
1785 17.85 1.4097849786741534
1786 17.86 1.4092725260994143
1787 17.87 1.4086892771294686
1788 17.88 1.4080352636083546
1789 17.89 1.4073105208957202
1790 17.900000000000002 1.4065150878660688
1791 17.91 1.4056490069062306
1792 17.92 1.4047123239137136
1793 17.93 1.4037050882946005
1794 17.94 1.4026273529610762
1795 17.95 1.401479174328955
1796 17.96 1.400260612314753
1797 17.97 1.3989717303335283
1798 17.98 1.397612595294902
1799 17.990000000000002 1.3961832776004997
1800 18.0 1.3946838511404565
1801 18.01 1.3931143932895225
1802 18.02 1.3914749849037662
1803 18.03 1.3897657103162828
1804 18.04 1.3879866573333572
1805 18.05 1.3861379172300303
1806 18.06 1.3842195847459209
1807 18.07 1.3822317580800814
1808 18.080000000000002 1.3801745388868198
1809 18.09 1.3780480322704136
1810 18.1 1.37585234678005
1811 18.11 1.3735875944043698
1812 18.12 1.3712538905662086
1813 18.13 1.368851354116913
1814 18.14 1.3663801073303148
1815 18.150000000000002 1.3638402758969619
1816 18.16 1.3612319889177797
1817 18.17 1.3585553788980462
1818 18.18 1.3558105817402861
1819 18.19 1.3529977367381605
1820 18.2 1.3501169865695033
1821 18.21 1.3471684772889603
1822 18.22 1.3441523583213097
1823 18.23 1.3410687824535614
1824 18.240000000000002 1.337917905827851
1825 18.25 1.334699887933624
1826 18.26 1.3314148915997066
1827 18.27 1.328063082986347
1828 18.28 1.3246446315769163
1829 18.29 1.3211597101695247
1830 18.3 1.3176084948688072
1831 18.31 1.3139911650768568
1832 18.32 1.3103079034843574
1833 18.330000000000002 1.3065588960619436
1834 18.34 1.3027443320505085
1835 18.35 1.2988644039523365
1836 18.36 1.2949193075211554
1837 18.37 1.2909092417527859
1838 18.38 1.2868344088748245
1839 18.39 1.2826950143374631
1840 18.400000000000002 1.278491266802348
1841 18.41 1.2742233781328025
1842 18.42 1.26989156338351
1843 18.43 1.2654960407892872
1844 18.44 1.2610370317547108
1845 18.45 1.2565147608430323
1846 18.46 1.25192945576498
1847 18.47 1.2472813473673625
1848 18.48 1.242570669622097
1849 18.490000000000002 1.2377976596141025
1850 18.5 1.2329625575297314
1851 18.51 1.2280656066448898
1852 18.52 1.2231070533129298
1853 18.53 1.2180871469524845
1854 18.54 1.213006140034821
1855 18.55 1.2078642880719315
1856 18.56 1.2026618496030892
1857 18.57 1.197399086182429
1858 18.580000000000002 1.1920762623660721
1859 18.59 1.1866936456987105
1860 18.6 1.18125150670042
1861 18.61 1.1757501188532729
1862 18.62 1.1701897585876964
1863 18.63 1.1645707052688294
1864 18.64 1.158893241182426
1865 18.650000000000002 1.153157651521326
1866 18.66 1.1473642243705342
1867 18.67 1.1415132506935777
1868 18.68 1.135605024317755
1869 18.69 1.129639841919328
1870 18.7 1.1236180030093976
1871 18.71 1.117539809918327
1872 18.72 1.1114055677810768
1873 18.73 1.1052155845220284
1874 18.740000000000002 1.0989701708395216
1875 18.75 1.0926696401906213
1876 18.76 1.0863143087751723
1877 18.77 1.0799044955206227
1878 18.78 1.0734405220655105
1879 18.79 1.0669227127440877
1880 18.8 1.0603513945696648
1881 18.81 1.053726897218695
1882 18.82 1.0470495530141761
1883 18.830000000000002 1.040319696909222
1884 18.84 1.033537666470579
1885 18.85 1.0267038018610037
1886 18.86 1.0198184458237165
1887 18.87 1.0128819436640697
1888 18.88 1.005894643232807
1889 18.89 0.9988568949090677
1890 18.900000000000002 0.9917690515828212
1891 18.91 0.984631468636735
1892 18.92 0.9774445039291777
1893 18.93 0.9702085177760864
1894 18.94 0.9629238729329472
1895 18.95 0.9555909345772875
1896 18.96 0.9482100702894627
1897 18.97 0.9407816500354329
1898 18.98 0.9333060461479477
1899 18.990000000000002 0.925783633307276
1900 19.0 0.9182147885239829
1901 19.01 0.9105998911187498
1902 19.02 0.9029393227047535
1903 19.03 0.895233467167202
1904 19.04 0.8874827106457701
1905 19.05 0.8796874415140792
1906 19.06 0.8718480503612227
1907 19.07 0.8639649299719849
1908 19.080000000000002 0.8560384753069457
1909 19.09 0.8480690834835514
1910 19.1 0.8400571537553674
1911 19.11 0.8320030874933195
1912 19.12 0.8239072881647189
1913 19.13 0.8157701613135373
1914 19.14 0.807592114540455
1915 19.150000000000002 0.799373557482113
1916 19.16 0.7911149017907633
1917 19.17 0.7828165611143731
1918 19.18 0.7744789510747978
1919 19.19 0.7661024892483397
1920 19.2 0.7576875951443753
1921 19.21 0.7492346901841529
1922 19.22 0.7407441976803284
1923 19.23 0.7322165428152516
1924 19.240000000000002 0.7236521526208435
1925 19.25 0.7150514559560293
1926 19.26 0.7064148834861044
1927 19.27 0.6977428676612476
1928 19.28 0.68903584269475
1929 19.29 0.6802942445414146
1930 19.3 0.6715185108760693
1931 19.31 0.6627090810713412
1932 19.32 0.6538663961760562
1933 19.330000000000002 0.6449908988927291
1934 19.34 0.6360830335567584
1935 19.35 0.6271432461126096
1936 19.36 0.6181719840927826
1937 19.37 0.609169696595302
1938 19.38 0.6001368342609226
1939 19.39 0.5910738492504493
1940 19.400000000000002 0.5819811952232499
1941 19.41 0.5728593273140064
1942 19.42 0.5637087021093521
1943 19.43 0.5545297776265556
1944 19.44 0.5453230132893623
1945 19.45 0.5360888699058819
1946 19.46 0.5268278096450558
1947 19.47 0.5175402960142605
1948 19.48 0.508226793835604
1949 19.490000000000002 0.4988877692231881
1950 19.5 0.4895236895590074
1951 19.51 0.48013502347106396
1952 19.52 0.4707222408089251
1953 19.53 0.4612858126202468
1954 19.54 0.45182621112792276
1955 19.55 0.44234390970621007
1956 19.56 0.4328393828569119
1957 19.57 0.42331310618629914
1958 19.580000000000002 0.4137655563804401
1959 19.59 0.40419721118234975
1960 19.6 0.3946085493680016
1961 19.61 0.38500005072165777
1962 19.62 0.375372196012961
1963 19.63 0.36572546697232156
1964 19.64 0.35606034626715655
1965 19.650000000000002 0.3463773174776179
1966 19.66 0.3366768650729455
1967 19.67 0.3269594743863422
1968 19.68 0.3172256315915547
1969 19.69 0.30747582367871473
1970 19.7 0.2977105384296692
1971 19.71 0.28793026439319647
1972 19.72 0.2781354908618141
1973 19.73 0.26832670784625634
1974 19.740000000000002 0.2585044060517703
1975 19.75 0.24866907685333217
1976 19.76 0.23882121227086373
1977 19.77 0.2289613049450736
1978 19.78 0.21908984811307164
1979 19.79 0.20920733558290294
1980 19.8 0.1993142617100716
1981 19.81 0.18941112137156324
1982 19.82 0.17949840994253918
1983 19.830000000000002 0.16957662327058642
1984 19.84 0.15964625765127494
1985 19.85 0.1497078098034308
1986 19.86 0.13976177684435243
1987 19.87 0.12980865626548166
1988 19.88 0.1198489459064831
1989 19.89 0.10988314393080145
1990 19.900000000000002 0.09991174880212839
1991 19.91 0.08993525925745871
1992 19.92 0.0799541742837846
1993 19.93 0.06996899309126547
1994 19.94 0.059980215091854916
1995 19.95 0.04998833986996942
1996 19.96 0.03999386716122899
1997 19.97 0.02999729682551333
1998 19.98 0.01999912882172339
1999 19.990000000000002 0.009999863185385038
2000 20.0 1.1368683772161603e-13