n s W(s)
0 0.0 0.0
1 0.01 0.009999934200068004
2 0.02 0.019999473603661364
3 0.03 0.02999822342989193
4 0.04 0.03999578892904394
5 0.05 0.049991775398158675
6 0.06 0.05998578819661722
7 0.07 0.06997743276172091
8 0.08 0.07996631462426847
9 0.09 0.0899520394241297
10 0.1 0.09993421292581474
11 0.11 0.10991244103403827
12 0.12 0.11988632980927864
13 0.13 0.1298554854833301
14 0.14 0.1398195144748492
15 0.15 0.14977802340489277
16 0.16 0.15973061911244904
17 0.17 0.16967690866995913
18 0.18 0.17961649939882982
19 0.19 0.18954899888493673
20 0.2 0.19947401499411635
21 0.21 0.20939115588764787
22 0.22 0.21930003003772242
23 0.23 0.229200246242901
24 0.24 0.2390914136435587
25 0.25 0.24897314173731594
26 0.26 0.25884504039445544
27 0.27 0.26870671987332434
28 0.28 0.2785577908357212
29 0.29 0.28839786436226716
30 0.3 0.29822655196776027
31 0.31 0.30804346561651275
32 0.32 0.3178482177376708
33 0.33 0.32764042124051557
34 0.34 0.33741968952974544
35 0.35000000000000003 0.34718563652073925
36 0.36 0.35693787665479804
37 0.37 0.36667602491436757
38 0.38 0.37639969683823815
39 0.39 0.38610850853672374
40 0.4 0.39580207670681716
41 0.41000000000000003 0.4054800186473235
42 0.42 0.4151419522739685
43 0.43 0.42478749613448363
44 0.44 0.4344162694236655
45 0.45 0.4440278919984101
46 0.46 0.4536219843927205
47 0.47000000000000003 0.46319816783268875
48 0.48 0.4727560642514492
49 0.49 0.48229529630410456
50 0.5 0.491815487382624
51 0.51 0.501316261630711
52 0.52 0.5107972439586416
53 0.53 0.5202580600580744
54 0.54 0.529698336416827
55 0.55 0.5391177003336224
56 0.56 0.5485157799328034
57 0.5700000000000001 0.5578922041790139
58 0.58 0.5672466028918475
59 0.59 0.5765786067604625
60 0.6 0.5858878473581616
61 0.61 0.5951739571569375
62 0.62 0.6044365695419831
63 0.63 0.6136753188261651
64 0.64 0.6228898402644614
65 0.65 0.6320797700683617
66 0.66 0.6412447454202282
67 0.67 0.6503844044876215
68 0.68 0.6594983864375845
69 0.6900000000000001 0.6685863314508886
70 0.7000000000000001 0.6776478807362385
71 0.71 0.6866826765444385
72 0.72 0.6956903621825151
73 0.73 0.7046705820278
74 0.74 0.7136229815419695
75 0.75 0.7225472072850422
76 0.76 0.7314429069293319
77 0.77 0.7403097292733583
78 0.78 0.7491473242557121
79 0.79 0.7579553429688748
80 0.8 0.7667334376729947
81 0.81 0.7754812618096141
82 0.8200000000000001 0.7841984700153527
83 0.8300000000000001 0.7928847181355416
84 0.84 0.8015396632378109
85 0.85 0.8101629636256289
86 0.86 0.818754278851791
87 0.87 0.8273132697318624
88 0.88 0.8358395983575665
89 0.89 0.8443329281101285
90 0.9 0.8527929236735625
91 0.91 0.8612192510479111
92 0.92 0.8696115775624307
93 0.93 0.8779695718887266
94 0.9400000000000001 0.8862929040538324
95 0.9500000000000001 0.894581245453238
96 0.96 0.902834268863863
97 0.97 0.911051648456975
98 0.98 0.919233059811053
99 0.99 0.9273781799245966
100 1.0 0.9354866872288767
101 1.01 0.9435582616006318
102 1.02 0.9515925843747066
103 1.03 0.9595893383566321
104 1.04 0.9675482078351484
105 1.05 0.97546887859467
106 1.06 0.9833510379276899
107 1.07 0.9911943746471248
108 1.08 0.9989985790986031
109 1.09 1.006763343172687
110 1.1 1.0144883603170387
111 1.11 1.0221733255485215
112 1.12 1.0298179354652426
113 1.1300000000000001 1.0374218882585287
114 1.1400000000000001 1.0449848837248428
115 1.1500000000000001 1.0525066232776374
116 1.16 1.0599868099591394
117 1.17 1.0674251484520774
118 1.18 1.0748213450913382
119 1.19 1.0821751078755621
120 1.2 1.089486146478671
121 1.21 1.0967541722613285
122 1.22 1.1039788982823384
123 1.23 1.1111600393099708
124 1.24 1.1182973118332236
125 1.25 1.1253904340730165
126 1.26 1.1324391259933138
127 1.27 1.1394431093121802
128 1.28 1.1464021075127702
129 1.29 1.1533158458542416
130 1.3 1.160184051382603
131 1.31 1.167006452941492
132 1.32 1.1737827811828772
133 1.33 1.1805127685776946
134 1.34 1.1871961494264085
135 1.35 1.1938326598695013
136 1.36 1.2004220378978907
137 1.37 1.2069640233632737
138 1.3800000000000001 1.2134583579883975
139 1.3900000000000001 1.219904785377256
140 1.4000000000000001 1.2263030510252122
141 1.41 1.232652902329046
142 1.42 1.238954088596927
143 1.43 1.245206361058312
144 1.44 1.2514094728737657
145 1.45 1.2575631791447068
146 1.46 1.263667236923076
147 1.47 1.2697214052209271
148 1.48 1.2757254450199422
149 1.49 1.2816791192808674
150 1.5 1.287582192952871
151 1.51 1.2934344329828242
152 1.52 1.2992356083245
153 1.53 1.3049854899476974
154 1.54 1.3106838508472811
155 1.55 1.3163304660521449
156 1.56 1.3219251126340943
157 1.57 1.3274675697166454
158 1.58 1.3329576184837464
159 1.59 1.338395042188417
160 1.6 1.3437796261613042
161 1.61 1.3491111578191588
162 1.62 1.3543894266732261
163 1.6300000000000001 1.3596142243375589
164 1.6400000000000001 1.36478534453724
165 1.6500000000000001 1.3699025831165317
166 1.6600000000000001 1.374965738046932
167 1.67 1.3799746094351502
168 1.68 1.3849289995310008
169 1.69 1.3898287127352102
170 1.7 1.3946735556071377
171 1.71 1.3994633368724134
172 1.72 1.40419786743049
173 1.73 1.4088769603621067
174 1.74 1.4135004309366712
175 1.75 1.418068096619551
176 1.76 1.4225797770792799
177 1.77 1.4270352941946791
178 1.78 1.4314344720618877
179 1.79 1.4357771370013075
180 1.8 1.4400631175644607
181 1.81 1.4442922445407569
182 1.82 1.4484643509641764
183 1.83 1.4525792721198583
184 1.84 1.4566368455506082
185 1.85 1.4606369110633062
186 1.86 1.4645793107352358
187 1.87 1.4684638889203163
188 1.8800000000000001 1.472290492255249
189 1.8900000000000001 1.4760589696655715
190 1.9000000000000001 1.4797691723716202
191 1.9100000000000001 1.4834209538944085
192 1.92 1.4870141700614048
193 1.93 1.4905486790122273
194 1.94 1.4940243412042444
195 1.95 1.497441019418083
196 1.96 1.5007985787630458
197 1.97 1.5040968866824378
198 1.98 1.5073358129587984
199 1.99 1.5105152297190427
200 2.0 1.5136350114395114
201 2.0100000000000002 1.5166950349509238
202 2.02 1.5196951794432414
203 2.0300000000000002 1.5226353264704393
204 2.04 1.525515359955179
205 2.05 1.5283351661933953
206 2.06 1.5310946338587814
207 2.07 1.5337936540071855
208 2.08 1.5364321200809137
209 2.09 1.5390099279129328
210 2.1 1.5415269757309862
211 2.11 1.5439831641616113
212 2.12 1.5463783962340614
213 2.13 1.5487125773841344
214 2.14 1.550985615457909
215 2.15 1.5531974207153763
216 2.16 1.555347905833991
217 2.17 1.5574369859121124
218 2.18 1.5594645784723589
219 2.19 1.5614306034648646
220 2.2 1.5633349832704382
221 2.21 1.565177642703627
222 2.22 1.5669585090156901
223 2.23 1.5686775118974619
224 2.24 1.570334583482135
225 2.25 1.5719296583479379
226 2.2600000000000002 1.573462673520714
227 2.27 1.574933568476414
228 2.2800000000000002 1.5763422851434807
229 2.29 1.5776887679051428
230 2.3000000000000003 1.578972963601612
231 2.31 1.5801948215321795
232 2.32 1.5813542934572191
233 2.33 1.5824513336000914
234 2.34 1.5834858986489513
235 2.35 1.5844579477584566
236 2.36 1.5853674425513824
237 2.37 1.5862143471201342
238 2.38 1.5869986280281678
239 2.39 1.5877202543113067
240 2.4 1.588379197478967
241 2.41 1.5889754315152806
242 2.42 1.5895089328801233
243 2.43 1.5899796805100421
244 2.44 1.5903876558190908
245 2.45 1.5907328426995586
246 2.46 1.5910152275226093
247 2.47 1.59123479913882
248 2.48 1.5913915488786177
249 2.49 1.5914854705526245
250 2.5 1.5915165604519026
251 2.5100000000000002 1.5914848173480962
252 2.52 1.5913902424934854
253 2.5300000000000002 1.591232839620933
254 2.54 1.5910126149437391
255 2.5500000000000003 1.5907295771553946
256 2.56 1.5903837374292382
257 2.57 1.5899751094180152
258 2.58 1.5895037092533393
259 2.59 1.588969555545055
260 2.6 1.5883726693805023
261 2.61 1.5877130743236854
262 2.62 1.5869907964143415
263 2.63 1.586205864166912
264 2.64 1.5853583085694187
265 2.65 1.584448163082239
266 2.66 1.5834754636367843
267 2.67 1.582440248634084
268 2.68 1.5813425589432648
269 2.69 1.5801824378999443
270 2.7 1.5789599313045104
271 2.71 1.5776750874203223
272 2.72 1.5763279569718
273 2.73 1.5749185931424219
274 2.74 1.5734470515726264
275 2.75 1.571913390357617
276 2.7600000000000002 1.5703176700450625
277 2.77 1.5686599536327126
278 2.7800000000000002 1.5669403065659087
279 2.79 1.565158796735
280 2.8000000000000003 1.5633154944726628
281 2.81 1.5614104725511233
282 2.82 1.5594438061792852
283 2.83 1.5574155729997627
284 2.84 1.5553258530858105
285 2.85 1.5531747289381663
286 2.86 1.550962285481791
287 2.87 1.5486886100625181
288 2.88 1.5463537924436037
289 2.89 1.5439579248021833
290 2.9 1.5415011017256328
291 2.91 1.5389834202078323
292 2.92 1.5364049796453398
293 2.93 1.5337658818334656
294 2.94 1.5310662309622514
295 2.95 1.5283061336123596
296 2.96 1.5254856987508663
297 2.97 1.5226050377269538
298 2.98 1.5196642642675213
299 2.99 1.5166634944726904
300 3.0 1.5136028468112237
301 3.0100000000000002 1.5104824421158447
302 3.02 1.5073024035784723
303 3.0300000000000002 1.5040628567453513
304 3.04 1.5007639295121014
305 3.0500000000000003 1.4974057521186626
306 3.06 1.4939884571441568
307 3.0700000000000003 1.4905121795016536
308 3.08 1.486977056432842
309 3.09 1.4833832275026124
310 3.1 1.4797308345935474
311 3.11 1.4760200219003208
312 3.12 1.4722509359240026
313 3.13 1.4684237254662773
314 3.14 1.4645385416235692
315 3.15 1.4605955377810718
316 3.16 1.4565948696067013
317 3.17 1.4525366950449445
318 3.18 1.4484211743106234
319 3.19 1.4442484698825728
320 3.2 1.4400187464972216
321 3.21 1.435732171142094
322 3.22 1.4313889130492115
323 3.23 1.4269891436884161
324 3.24 1.4225330367605982
325 3.25 1.418020768190837
326 3.2600000000000002 1.4134525161214593
327 3.27 1.408828460905006
328 3.2800000000000002 1.4041487850971066
329 3.29 1.3994136734492781
330 3.3000000000000003 1.3946233129016257
331 3.31 1.3897778925754687
332 3.3200000000000003 1.384877603765867
333 3.33 1.3799226399340707
334 3.34 1.3749131966998882
335 3.35 1.3698494718339544
336 3.36 1.364731665249928
337 3.37 1.359559978996598
338 3.38 1.3543346172499033
339 3.39 1.3490557863048802
340 3.4 1.3437236945675068
341 3.41 1.3383385525464844
342 3.42 1.3329005728449208
343 3.43 1.3274099701519395
344 3.44 1.3218669612342042
345 3.45 1.316271764927356
346 3.46 1.3106246021273837
347 3.47 1.3049256957818884
348 3.48 1.2991752708812951
349 3.49 1.2933735544499632
350 3.5 1.2875207755372258
351 3.5100000000000002 1.2816171652083428
352 3.52 1.2756629565353856
353 3.5300000000000002 1.269658384588026
354 3.54 1.2636036864242643
355 3.5500000000000003 1.2574991010810677
356 3.56 1.2513448695649294
357 3.5700000000000003 1.2451412348423565
358 3.58 1.2388884418302806
359 3.59 1.2325867373863826
360 3.6 1.2262363702993473
361 3.61 1.2198375912790484
362 3.62 1.2133906529466434
363 3.63 1.2068958098246023
364 3.64 1.2003533183266524
365 3.65 1.1937634367476737
366 3.66 1.1871264252534783
367 3.67 1.180442545870556
368 3.68 1.1737120624757194
369 3.69 1.1669352407856954
370 3.7 1.160112348346619
371 3.71 1.153243654523492
372 3.72 1.14632943048953
373 3.73 1.1393699492154665
374 3.74 1.1323654854587701
375 3.75 1.1253163157528037
376 3.7600000000000002 1.1182227183959008
377 3.77 1.1110849734403807
378 3.7800000000000002 1.1039033626814927
379 3.79 1.0966781696462888
380 3.8000000000000003 1.0894096795824342
381 3.81 1.0820981794469375
382 3.8200000000000003 1.074743957894833
383 3.83 1.0673473052677696
384 3.84 1.0599085135825672
385 3.85 1.0524278765196695
386 3.86 1.044905689411562
387 3.87 1.037342249231104
388 3.88 1.0297378545798104
389 3.89 1.022092805676058
390 3.9 1.0144074043432383
391 3.91 1.006681953997834
392 3.92 0.9989167596374475
393 3.93 0.9911121278287531
394 3.94 0.9832683666954001
395 3.95 0.975385785905841
396 3.96 0.9674646966611133
397 3.97 0.9595054116825503
398 3.98 0.9515082451994266
399 3.99 0.9434735129365679
400 4.0 0.9354015321018743
401 4.01 0.9272926213737991
402 4.0200000000000005 0.9191471008887717
403 4.03 0.9109652922285543
404 4.04 0.902747518407546
405 4.05 0.8944941038600343
406 4.0600000000000005 0.8862053744273766
407 4.07 0.877881657345152
408 4.08 0.8695232812302249
409 4.09 0.8611305760677839
410 4.1 0.8527038731983039
411 4.11 0.8442435053044743
412 4.12 0.8357498063980557
413 4.13 0.8272231118067026
414 4.14 0.8186637581607163
415 4.15 0.8100720833797581
416 4.16 0.8014484266595066
417 4.17 0.7927931284582703
418 4.18 0.7841065304835428
419 4.19 0.7753889756785082
420 4.2 0.7666408082085141
421 4.21 0.7578623734474705
422 4.22 0.7490540179642187
423 4.23 0.7402160895088556
424 4.24 0.7313489369989936
425 4.25 0.7224529105059929
426 4.26 0.7135283612411376
427 4.2700000000000005 0.704575641541771
428 4.28 0.6955951048573823
429 4.29 0.6865871057356578
430 4.3 0.677551999808478
431 4.3100000000000005 0.6684901437778796
432 4.32 0.6594018954019747
433 4.33 0.6502876134808213
434 4.34 0.6411476578422599
435 4.3500000000000005 0.6319823893277157
436 4.36 0.6227921697779362
437 4.37 0.613577362018721
438 4.38 0.6043383298465868
439 4.39 0.5950754380144136
440 4.4 0.5857890522170326
441 4.41 0.5764795390768018
442 4.42 0.5671472661291235
443 4.43 0.557792601807936
444 4.44 0.5484159154311614
445 4.45 0.5390175771861401
446 4.46 0.5295979581150014
447 4.47 0.5201574301000216
448 4.48 0.510696365848939
449 4.49 0.5012151388802399
450 4.5 0.4917141235084168
451 4.51 0.48219369482917784
452 4.5200000000000005 0.47265422870465734
453 4.53 0.4630961017485573
454 4.54 0.4535196913112882
455 4.55 0.44392537546507693
456 4.5600000000000005 0.4343135329890222
457 4.57 0.4246845433541617
458 4.58 0.4150387867084735
459 4.59 0.40537664386188066
460 4.6000000000000005 0.39569849627120135
461 4.61 0.38600472602511093
462 4.62 0.37629571582902877
463 4.63 0.36657184899004047
464 4.64 0.3568335094017385
465 4.65 0.34708108152907613
466 4.66 0.33731495039319803
467 4.67 0.32753550155621447
468 4.68 0.317743121106016
469 4.69 0.3079381956409879
470 4.7 0.2981211122547842
471 4.71 0.28829225852102436
472 4.72 0.2784520224780005
473 4.73 0.2686007926133449
474 4.74 0.25873895784871337
475 4.75 0.24886690752441698
476 4.76 0.23898503138404603
477 4.7700000000000005 0.22909371955909918
478 4.78 0.21919336255356114
479 4.79 0.2092843512285052
480 4.8 0.19936707678664511
481 4.8100000000000005 0.18944193075690485
482 4.82 0.17950930497894824
483 4.83 0.16956959158771845
484 4.84 0.15962318299795086
485 4.8500000000000005 0.14967047188867966
486 4.86 0.1397118511877462
487 4.87 0.12974771405626662
488 4.88 0.11977845387312414
489 4.89 0.10980446421943668
490 4.9 0.09982613886301728
491 4.91 0.08984387174282205
492 4.92 0.07985805695340176
493 4.93 0.0698690887293516
494 4.94 0.05987736142972544
495 4.95 0.04988326952249089
496 4.96 0.039887207568938265
497 4.97 0.029889570208114336
498 4.98 0.019890752141227708
499 4.99 0.009891148116075499
500 5.0 -0.00010884708852643143
501 5.01 -0.010108838678368315
502 5.0200000000000005 -0.020108431859394926
503 5.03 -0.030107231853309102
504 5.04 -0.04010484391316105
505 5.05 -0.05010087333892699
506 5.0600000000000005 -0.06009492549308959
507 5.07 -0.07008660581621484
508 5.08 -0.0800755198425609
509 5.09 -0.09006127321559632
510 5.1000000000000005 -0.10004347170362138
511 5.11 -0.11002172121530407
512 5.12 -0.11999562781524453
513 5.13 -0.1299647977395324
514 5.14 -0.1399288374112917
515 5.15 -0.14988735345621151
516 5.16 -0.15983995271808737
517 5.17 -0.16978624227433414
518 5.18 -0.17972582945150428
519 5.19 -0.18965832184079545
520 5.2 -0.19958332731352613
521 5.21 -0.2095004540366343
522 5.22 -0.21940931048813894
523 5.23 -0.22930950547260132
524 5.24 -0.23920064813656694
525 5.25 -0.2490823479839861
526 5.26 -0.25895421489165926
527 5.2700000000000005 -0.2688158591246097
528 5.28 -0.27866689135148803
529 5.29 -0.2885069226599306
530 5.3 -0.2983355645719268
531 5.3100000000000005 -0.30815242905915063
532 5.32 -0.31795712855828207
533 5.33 -0.32774927598629056
534 5.34 -0.3375284847557509
535 5.3500000000000005 -0.3472943687900809
536 5.36 -0.35704654253878765
537 5.37 -0.3667846209926946
538 5.38 -0.37650821969914183
539 5.39 -0.38621695477715967
540 5.4 -0.39591044293262634
541 5.41 -0.40558830147339897
542 5.42 -0.4152501483244322
543 5.43 -0.4248956020428434
544 5.44 -0.43452428183299574
545 5.45 -0.4441358075615156
546 5.46 -0.4537297997722973
547 5.47 -0.4633058797015046
548 5.48 -0.47286366929250256
549 5.49 -0.4824027912108022
550 5.5 -0.49192286885893566
551 5.51 -0.5014235263913456
552 5.5200000000000005 -0.510904388729216
553 5.53 -0.5203650815752727
554 5.54 -0.5298052314285737
555 5.55 -0.5392244655992506
556 5.5600000000000005 -0.548622412223212
557 5.57 -0.5579987002768512
558 5.58 -0.5673529595916573
559 5.59 -0.5766848208688646
560 5.6000000000000005 -0.5859939156940044
561 5.61 -0.5952798765514835
562 5.62 -0.6045423368390566
563 5.63 -0.613780930882319
564 5.64 -0.6229952939491543
565 5.65 -0.6321850622641083
566 5.66 -0.6413498730227758
567 5.67 -0.6504893644061003
568 5.68 -0.6596031755946878
569 5.69 -0.6686909467830215
570 5.7 -0.677752319193683
571 5.71 -0.6867869350915345
572 5.72 -0.6957944377977974
573 5.73 -0.704774471704182
574 5.74 -0.7137266822868931
575 5.75 -0.7226507161206381
576 5.76 -0.7315462208925965
577 5.7700000000000005 -0.7404128454162962
578 5.78 -0.7492502396455141
579 5.79 -0.7580580546880604
580 5.8 -0.7668359428195863
581 5.8100000000000005 -0.7755835574973009
582 5.82 -0.7843005533736314
583 5.83 -0.7929865863098922
584 5.84 -0.8016413133898563
585 5.8500000000000005 -0.8102643929332789
586 5.86 -0.8188554845094131
587 5.87 -0.8274142489504364
588 5.88 -0.8359403483648489
589 5.89 -0.8444334461507932
590 5.9 -0.8528932070093802
591 5.91 -0.8613192969578858
592 5.92 -0.8697113833429686
593 5.93 -0.8780691348537815
594 5.94 -0.886392221535079
595 5.95 -0.8946803148002083
596 5.96 -0.9029330874441008
597 5.97 -0.9111502136562102
598 5.98 -0.9193313690333405
599 5.99 -0.9274762305924718
600 6.0 -0.9355844767835073
601 6.01 -0.9436557875019744
602 6.0200000000000005 -0.9516898441016579
603 6.03 -0.9596863294071838
604 6.04 -0.9676449277265284
605 6.05 -0.975565324863517
606 6.0600000000000005 -0.9834472081301726
607 6.07 -0.9912902663591048
608 6.08 -0.9990941899158017
609 6.09 -1.0068586707108125
610 6.1000000000000005 -1.0145834022119438
611 6.11 -1.0222680794563566
612 6.12 -1.0299123990625993
613 6.13 -1.0375160592425736
614 6.140000000000001 -1.0450787598134923
615 6.15 -1.052600202209689
616 6.16 -1.0600800894944165
617 6.17 -1.0675181263715778
618 6.18 -1.0749140191973794
619 6.19 -1.0822674759919337
620 6.2 -1.0895782064507635
621 6.21 -1.0968459219562874
622 6.22 -1.104070335589217
623 6.23 -1.1112511621398404
624 6.24 -1.1183881181193662
625 6.25 -1.1254809217710182
626 6.26 -1.1325292930812267
627 6.2700000000000005 -1.1395329537906775
628 6.28 -1.1464916274052612
629 6.29 -1.1534050392070263
630 6.3 -1.160272916265015
631 6.3100000000000005 -1.1670949874460206
632 6.32 -1.1738709834253171
633 6.33 -1.1806006366972959
634 6.34 -1.1872836815859955
635 6.3500000000000005 -1.1939198542556113
636 6.36 -1.200508892720915
637 6.37 -1.2070505368575972
638 6.38 -1.2135445284125268
639 6.390000000000001 -1.2199906110139622
640 6.4 -1.2263885301816515
641 6.41 -1.232738033336915
642 6.42 -1.2390388698125712
643 6.43 -1.245290790862878
644 6.44 -1.2514935496733273
645 6.45 -1.2576469013703893
646 6.46 -1.2637506030311947
647 6.47 -1.269804413693123
648 6.48 -1.2758080943633026
649 6.49 -1.2817614080280464
650 6.5 -1.2876641196622494
651 6.51 -1.2935159962386038
652 6.5200000000000005 -1.2993168067368508
653 6.53 -1.3050663221528822
654 6.54 -1.3107643155077753
655 6.55 -1.3164105618567667
656 6.5600000000000005 -1.3220048382981346
657 6.57 -1.3275469239819877
658 6.58 -1.3330366001189873
659 6.59 -1.3384736499889947
660 6.6000000000000005 -1.343857858949626
661 6.61 -1.3491890144447147
662 6.62 -1.3544669060127212
663 6.63 -1.3596913252950138
664 6.640000000000001 -1.364862066044143
665 6.65 -1.369978924131928
666 6.66 -1.3750416975575703
667 6.67 -1.3800501864555699
668 6.68 -1.385004193103697
669 6.69 -1.3899035219307052
670 6.7 -1.3947479795241193
671 6.71 -1.3995373746378448
672 6.72 -1.4042715181997352
673 6.73 -1.4089502233190423
674 6.74 -1.413573305293795
675 6.75 -1.4181405816181112
676 6.76 -1.422651871989359
677 6.7700000000000005 -1.4271069983153488
678 6.78 -1.4315057847212849
679 6.79 -1.4358480575567576
680 6.8 -1.440133645402593
681 6.8100000000000005 -1.4443623790776208
682 6.82 -1.4485340916453318
683 6.83 -1.4526486184205147
684 6.84 -1.4567057969756974
685 6.8500000000000005 -1.4607054671476085
686 6.86 -1.4646474710435093
687 6.87 -1.46853165304735
688 6.88 -1.472357859826026
689 6.890000000000001 -1.4761259403353328
690 6.9 -1.4798357458260014
691 6.91 -1.4834871298495251
692 6.92 -1.4870799482639505
693 6.93 -1.4906140592395936
694 6.94 -1.494089323264614
695 6.95 -1.4975056031505325
696 6.96 -1.500862764037663
697 6.97 -1.5041606734003885
698 6.98 -1.5073992010524506
699 6.99 -1.510578219152066
700 7.0 -1.5136976022069675
701 7.01 -1.5167572270793812
702 7.0200000000000005 -1.5197569729908231
703 7.03 -1.522696721527005
704 7.04 -1.5255763566423468
705 7.05 -1.5283957646646584
706 7.0600000000000005 -1.5311548342996204
707 7.07 -1.5338534566351427
708 7.08 -1.5364915251457063
709 7.09 -1.5390689356965126
710 7.1000000000000005 -1.5415855865476757
711 7.11 -1.544041378358159
712 7.12 -1.5464362141897752
713 7.13 -1.5487699995109168
714 7.140000000000001 -1.551042642200386
715 7.15 -1.553254052550983
716 7.16 -1.5554041432730443
717 7.17 -1.5574928294979173
718 7.18 -1.559520028781293
719 7.19 -1.5614856611064383
720 7.2 -1.5633896488874157
721 7.21 -1.5652319169721096
722 7.22 -1.5670123926451822
723 7.23 -1.5687310056309727
724 7.24 -1.5703876880962468
725 7.25 -1.571982374652876
726 7.26 -1.5735150023604945
727 7.2700000000000005 -1.574985510728851
728 7.28 -1.576393841720332
729 7.29 -1.5777399397521137
730 7.3 -1.5790237516985002
731 7.3100000000000005 -1.5802452268929414
732 7.32 -1.581404317130044
733 7.33 -1.5825009766674611
734 7.34 -1.58353516222774
735 7.3500000000000005 -1.5845068330000203
736 7.36 -1.585415950641611
737 7.37 -1.5862624792795188
738 7.38 -1.5870463855119112
739 7.390000000000001 -1.5877676384093746
740 7.4 -1.5884262095161716
741 7.41 -1.5890220728513498
742 7.42 -1.5895552049097645
743 7.43 -1.5900255846630387
744 7.44 -1.590433193560358
745 7.45 -1.5907780155292244
746 7.46 -1.591060036976053
747 7.47 -1.5912792467867973
748 7.48 -1.5914356363272901
749 7.49 -1.591529199443663
750 7.5 -1.5915599324624878
751 7.51 -1.5915278341910692
752 7.5200000000000005 -1.5914329059173653
753 7.53 -1.5912751514100094
754 7.54 -1.5910545769181113
755 7.55 -1.5907711911710578
756 7.5600000000000005 -1.590425005378151
757 7.57 -1.590016033228153
758 7.58 -1.5895442908887532
759 7.59 -1.5890097970059571
760 7.6000000000000005 -1.5884125727033265
761 7.61 -1.587752641581126
762 7.62 -1.5870300297154287
763 7.63 -1.586244765657078
764 7.640000000000001 -1.5853968804305723
765 7.65 -1.5844864075327934
766 7.66 -1.58351338293172
767 7.67 -1.582477845065057
768 7.68 -1.5813798348386001
769 7.69 -1.580219395624745
770 7.7 -1.5789965732606888
771 7.71 -1.577711416046668
772 7.72 -1.5763639747440266
773 7.73 -1.5749543025732464
774 7.74 -1.5734824552117956
775 7.75 -1.5719484907919679
776 7.76 -1.5703524698986229
777 7.7700000000000005 -1.5686944555666784
778 7.78 -1.5669745132787511
779 7.79 -1.5651927109625419
780 7.8 -1.5633491189880715
781 7.8100000000000005 -1.5614438101649668
782 7.82 -1.5594768597396538
783 7.83 -1.557448345392224
784 7.84 -1.5553583472335717
785 7.8500000000000005 -1.5532069478020247
786 7.86 -1.5509942320602264
787 7.87 -1.5487202873917383
788 7.88 -1.5463852035976302
789 7.890000000000001 -1.5439890728928418
790 7.9 -1.541531989902623
791 7.91 -1.5390140516588176
792 7.92 -1.5364353575959129
793 7.930000000000001 -1.5337960095472951
794 7.94 -1.5310961117410216
795 7.95 -1.5283357707959269
796 7.96 -1.5255150957172177
797 7.97 -1.5226341978922733
798 7.98 -1.5196931910863185
799 7.99 -1.5166921914376985
800 8.0 -1.5136313174535587
801 8.01 -1.5105106900050345
802 8.02 -1.5073304323224477
803 8.03 -1.5040906699905179
804 8.040000000000001 -1.500791530943438
805 8.05 -1.4974331454596737
806 8.06 -1.4940156461569742
807 8.07 -1.4905391679870519
808 8.08 -1.4870038482303087
809 8.09 -1.483409826490366
810 8.1 -1.479757244688571
811 8.11 -1.4760462470584343
812 8.120000000000001 -1.4722769801398812
813 8.13 -1.4684495927734957
814 8.14 -1.4645642360946596
815 8.15 -1.4606210635275545
816 8.16 -1.456620230779123
817 8.17 -1.4525618958328863
818 8.18 -1.4484462189428058
819 8.19 -1.4442733626268165
820 8.2 -1.4400434916605889
821 8.21 -1.4357567730707643
822 8.22 -1.431413376128745
823 8.23 -1.4270134723436172
824 8.24 -1.422557235455585
825 8.25 -1.4180448414291646
826 8.26 -1.4134764684460208
827 8.27 -1.4088522968981607
828 8.28 -1.404172509380757
829 8.290000000000001 -1.3994372906847588
830 8.3 -1.394646827789927
831 8.31 -1.3898013098571198
832 8.32 -1.3849009282210147
833 8.33 -1.3799458763826067
834 8.34 -1.3749363500013345
835 8.35 -1.3698725468876063
836 8.36 -1.3647546669948838
837 8.370000000000001 -1.3595829124117245
838 8.38 -1.3543574873539512
839 8.39 -1.349078598156467
840 8.4 -1.343746453265183
841 8.41 -1.3383612632287765
842 8.42 -1.3329232406903202
843 8.43 -1.3274326003789554
844 8.44 -1.3218895591014643
845 8.45 -1.3162943357335308
846 8.46 -1.3106471512112847
847 8.47 -1.3049482285225338
848 8.48 -1.2991977926978961
849 8.49 -1.2933960708019328
850 8.5 -1.287543291924294
851 8.51 -1.2816396871705535
852 8.52 -1.2756854896530712
853 8.53 -1.2696809344819826
854 8.540000000000001 -1.263626258755636
855 8.55 -1.2575217015514681
856 8.56 -1.2513675039164696
857 8.57 -1.2451639088576485
858 8.58 -1.23891116133251
859 8.59 -1.2326095082393351
860 8.6 -1.226259198407405
861 8.61 -1.2198604825873076
862 8.620000000000001 -1.213413613440835
863 8.63 -1.2069188455312343
864 8.64 -1.2003764353129753
865 8.65 -1.1937866411217755
866 8.66 -1.1871497231642536
867 8.67 -1.1804659435078122
868 8.68 -1.1737355660701354
869 8.69 -1.1669588566089288
870 8.700000000000001 -1.1601360827113183
871 8.71 -1.1532675137833195
872 8.72 -1.1463534210392226
873 8.73 -1.1393940774908486
874 8.74 -1.1323897579367923
875 8.75 -1.1253407389515928
876 8.76 -1.118247298874806
877 8.77 -1.111109717799991
878 8.78 -1.1039282775637105
879 8.790000000000001 -1.0967032617342767
880 8.8 -1.089434955600808
881 8.81 -1.082123646161648
882 8.82 -1.0747696221132657
883 8.83 -1.067373173838888
884 8.84 -1.0599345933967754
885 8.85 -1.0524541745089238
886 8.86 -1.0449322125494547
887 8.870000000000001 -1.037369004532934
888 8.88 -1.029764849102449
889 8.89 -1.0221200465181681
890 8.9 -1.01443489864522
891 8.91 -1.0067097089419548
892 8.92 -0.9989447824477651
893 8.93 -0.9911404257713059
894 8.94 -0.9832969470780597
895 8.950000000000001 -0.9754146560785415
896 8.96 -0.9674938640158075
897 8.97 -0.9595348836532764
898 8.98 -0.9515380292622808
899 8.99 -0.9435036166098882
900 9.0 -0.9354319629461969
901 9.01 -0.9273233869919153
902 9.02 -0.919178208925743
903 9.03 -0.9109967503718934
904 9.040000000000001 -0.9027793343870201
905 9.05 -0.894526285447995
906 9.06 -0.8862379294386642
907 9.07 -0.8779145936371009
908 9.08 -0.8695566067028153
909 9.09 -0.8611642986636241
910 9.1 -0.8527380009027468
911 9.11 -0.8442780461455897
912 9.120000000000001 -0.8357847684467856
913 9.13 -0.827258503176779
914 9.14 -0.8186995870088509
915 9.15 -0.810108357905662
916 9.16 -0.8014851551058086
917 9.17 -0.7928303191108341
918 9.18 -0.7841441916712597
919 9.19 -0.7754271157735388
920 9.200000000000001 -0.7666794356262585
921 9.21 -0.7579014966466957
922 9.22 -0.7490936454469761
923 9.23 -0.7402562298207442
924 9.24 -0.731389598729038
925 9.25 -0.722494102286845
926 9.26 -0.7135700917490624
927 9.27 -0.7046179194967124
928 9.28 -0.6956379390230722
929 9.290000000000001 -0.6866305049196342
930 9.3 -0.6775959728621785
931 9.31 -0.6685346995966484
932 9.32 -0.6594470429253363
933 9.33 -0.6503333616921907
934 9.34 -0.6411940157694289
935 9.35 -0.6320293660425591
936 9.36 -0.6228397743967378
937 9.370000000000001 -0.6136256037020758
938 9.38 -0.6043872177996548
939 9.39 -0.5951249814867765
940 9.4 -0.5858392605029792
941 9.41 -0.5765304215152014
942 9.42 -0.5671988321036849
943 9.43 -0.557844860747224
944 9.44 -0.5484688768086698
945 9.450000000000001 -0.5390712505203226
946 9.46 -0.5296523529694355
947 9.47 -0.5202125560834361
948 9.48 -0.5107522326153742
949 9.49 -0.5012717561289719
950 9.5 -0.49177150098432776
951 9.51 -0.4822518423224835
952 9.52 -0.47271315605132713
953 9.53 -0.46315581883015966
954 9.540000000000001 -0.4535802080552571
955 9.55 -0.44398670184469324
956 9.56 -0.43437567902358865
957 9.57 -0.42474751910899045
958 9.58 -0.4151026022951214
959 9.59 -0.4054413094381175
960 9.6 -0.39576402204119177
961 9.61 -0.38607112223945705
962 9.620000000000001 -0.3763629927849763
963 9.63 -0.3666400170314148
964 9.64 -0.3569025789192608
965 9.65 -0.3471510629603074
966 9.66 -0.3373858542226458
967 9.67 -0.32760733831551647
968 9.68 -0.3178159013740469
969 9.69 -0.3080119300439321
970 9.700000000000001 -0.29819581146628593
971 9.71 -0.2883679332622364
972 9.72 -0.2785286835178056
973 9.73 -0.26867845076839103
974 9.74 -0.2588176239835889
975 9.75 -0.24894659255170382
976 9.76 -0.23906574626440147
977 9.77 -0.229175475301588
978 9.78 -0.21927617021563606
979 9.790000000000001 -0.2093682219160371
980 9.8 -0.19945202165430942
981 9.81 -0.189527961008082
982 9.82 -0.17959643186597418
983 9.83 -0.16965782641193528
984 9.84 -0.1597125371099537
985 9.85 -0.14976095668833977
986 9.86 -0.13980347812446325
987 9.870000000000001 -0.1298404946290077
988 9.88 -0.1198723996306228
989 9.89 -0.10989958676029232
990 9.9 -0.0999224498359581
991 9.91 -0.08994138284668907
992 9.92 -0.07995677993736194
993 9.93 -0.06996903539317145
994 9.94 -0.05997854362368571
995 9.950000000000001 -0.04998569914781115
996 9.96 -0.03999089657764898
997 9.97 -0.029994530603488556
998 9.98 -0.01999699597780591
999 9.99 -0.009998687499916059
1000 10.0 -2.842170943040401e-14
1001 10.01 0.009998671708757801
1002 10.02 0.019996932945507216
1003 10.03 0.029994389077946756
1004 10.040000000000001 0.03999064550494516
1005 10.05 0.049985307672116855
1006 10.06 0.05997798108741342
1007 10.07 0.06996827133669484
1008 10.08 0.07995578409930623
1009 10.09 0.08994012516364962
1010 10.1 0.0999209004427508
1011 10.11 0.10989771598982172
1012 10.120000000000001 0.11987017801381884
1013 10.13 0.12983789289498643
1014 10.14 0.13980046720041098
1015 10.15 0.14975750769955026
1016 10.16 0.15970862137976363
1017 10.17 0.16965341546183138
1018 10.18 0.1795914974154653
1019 10.19 0.1895224749748091
1020 10.200000000000001 0.19944595615393046
1021 10.21 0.20936154926229295
1022 10.22 0.2192688629202338
1023 10.23 0.22916750607441186
1024 10.24 0.23905708801325198
1025 10.25 0.24893721838237268
1026 10.26 0.2588075072000019
1027 10.27 0.26866756487237564
1028 10.28 0.27851700220912284
1029 10.290000000000001 0.2883554304386361
1030 10.3 0.29818246122341546
1031 10.31 0.30799770667541465
1032 10.32 0.3178007793713509
1033 10.33 0.32759129236800494
1034 10.34 0.33736885921750087
1035 10.35 0.34713309398256664
1036 10.36 0.35688361125177337
1037 10.370000000000001 0.36662002615475614
1038 10.38 0.37634195437740553
1039 10.39 0.3860490121770532
1040 10.4 0.39574081639761827
1041 10.41 0.4054169844847389
1042 10.42 0.41507713450087874
1043 10.43 0.4247208851404091
1044 10.44 0.43434785574466506
1045 10.450000000000001 0.4439576663169791
1046 10.46 0.45354993753767925
1047 10.47 0.4631242907790776
1048 10.48 0.4726803481204149
1049 10.49 0.4822177323627855
1050 10.5 0.49173606704403117
1051 10.51 0.5012349764536078
1052 10.52 0.5107140856474207
1053 10.53 0.5201730204626296
1054 10.540000000000001 0.5296114075324259
1055 10.55 0.5390288743007692
1056 10.56 0.5484250490371079
1057 10.57 0.5577995608510519
1058 10.58 0.5671520397070187
1059 10.59 0.576482116438847
1060 10.6 0.5857894227643712
1061 10.61 0.5950735912999667
1062 10.620000000000001 0.6043342555750566
1063 10.63 0.6135710500465767
1064 10.64 0.6227836101134189
1065 10.65 0.6319715721308229
1066 10.66 0.6411345734247362
1067 10.67 0.6502722523061356
1068 10.68 0.6593842480853074
1069 10.69 0.668470201086093
1070 10.700000000000001 0.6775297526600903
1071 10.71 0.6865625452008106
1072 10.72 0.6955682221578091
1073 10.73 0.7045464280507558
1074 10.74 0.7134968084834763
1075 10.75 0.7224190101579446
1076 10.76 0.731312680888233
1077 10.77 0.74017746961442
1078 10.78 0.749013026416452
1079 10.790000000000001 0.757819002527962
1080 10.8 0.7665950503500352
1081 10.81 0.7753408234649435
1082 10.82 0.784055976649819
1083 10.83 0.7927401658902853
1084 10.84 0.8013930483940445
1085 10.85 0.81001428260441
1086 10.86 0.818603528213795
1087 10.870000000000001 0.8271604461771513
1088 10.88 0.8356846987253507
1089 10.89 0.8441759493785316
1090 10.9 0.852633862959379
1091 10.91 0.861058105606362
1092 10.92 0.8694483447869156
1093 10.93 0.8778042493105718
1094 10.94 0.886125489342037
1095 10.950000000000001 0.8944117364142181
1096 10.96 0.9026626634411852
1097 10.97 0.9108779447310977
1098 10.98 0.9190572559990569
1099 10.99 0.927200274379914
1100 11.0 0.9353066784410181
1101 11.01 0.9433761481949074
1102 11.02 0.9514083651119465
1103 11.03 0.9594030121329026
1104 11.040000000000001 0.9673597736814658
1105 11.05 0.9752783356767062
1106 11.06 0.9831583855454826
1107 11.07 0.9909996122347806
1108 11.08 0.9988017062239943
1109 11.09 1.006564359537151
1110 11.1 1.0142872657550686
1111 11.11 1.0219701200274587
1112 11.120000000000001 1.0296126190849622
1113 11.13 1.0372144612511196
1114 11.14 1.0447753464542933
1115 11.15 1.052294976239507
1116 11.16 1.059773053780236
1117 11.17 1.067209283890125
1118 11.18 1.0746033730346447
1119 11.19 1.0819550293426827
1120 11.200000000000001 1.0892639626180687
1121 11.21 1.0965298843510292
1122 11.22 1.1037525077295873
1123 11.23 1.110931547650881
1124 11.24 1.1180667207324246
1125 11.25 1.1251577453232964
1126 11.26 1.1322043415152614
1127 11.27 1.1392062311538218
1128 11.28 1.1461631378492032
1129 11.290000000000001 1.1530747869872666
1130 11.3 1.1599409057403487
1131 11.31 1.1667612230780418
1132 11.32 1.1735354697778897
1133 11.33 1.1802633784360212
1134 11.34 1.186944683477708
1135 11.35 1.1935791211678508
1136 11.36 1.2001664296213943
1137 11.370000000000001 1.2067063488136682
1138 11.38 1.2131986205906504
1139 11.39 1.2196429886791673
1140 11.4 1.2260391986970083
1141 11.41 1.2323869981629718
1142 11.42 1.2386861365068356
1143 11.43 1.2449363650792484
1144 11.44 1.2511374371615507
1145 11.450000000000001 1.257289107975516
1146 11.46 1.2633911346930138
1147 11.47 1.2694432764456016
1148 11.48 1.2754452943340349
1149 11.49 1.2813969514376986
1150 11.5 1.2872980128239637
1151 11.51 1.2931482455574643
1152 11.52 1.2989474187092938
1153 11.53 1.3046953033661235
1154 11.540000000000001 1.3103916726392457
1155 11.55 1.3160363016735237
1156 11.56 1.3216289676562802
1157 11.57 1.3271694498260904
1158 11.58 1.3326575294814997
1159 11.59 1.3380929899896592
1160 11.6 1.343475616794881
1161 11.61 1.3488051974271085
1162 11.620000000000001 1.3540815215103088
1163 11.63 1.359304380770774
1164 11.64 1.3644735690453536
1165 11.65 1.3695888822895876
1166 11.66 1.374650118585769
1167 11.67 1.3796570781509119
1168 11.68 1.384609563344644
1169 11.69 1.38950737867701
1170 11.700000000000001 1.3943503308161904
1171 11.71 1.3991382285961333
1172 11.72 1.4038708830241071
1173 11.73 1.4085481072881612
1174 11.74 1.413169716764501
1175 11.75 1.4177355290247822
1176 11.76 1.4222453638433097
1177 11.77 1.4266990432041573
1178 11.78 1.4310963913081949
1179 11.790000000000001 1.4354372345800341
1180 11.8 1.4397214016748743
1181 11.81 1.4439487234852793
1182 11.82 1.448119033147845
1183 11.83 1.4522321660497954
1184 11.84 1.4562879598354788
1185 11.85 1.4602862544127797
1186 11.86 1.4642268919594412
1187 11.870000000000001 1.4681097169292965
1188 11.88 1.471934576058409
1189 11.89 1.4757013183711287
1190 11.9 1.47940979518605
1191 11.91 1.4830598601218852
1192 11.92 1.4866513691032421
1193 11.93 1.4901841803663154
1194 11.94 1.4936581544644851
1195 11.950000000000001 1.4970731542738214
1196 11.96 1.500429044998498
1197 11.97 1.5037256941761195
1198 11.98 1.506962971682948
1199 11.99 1.5101407497390436
1200 12.0 1.51325890291331
1201 12.01 1.5163173081284445
1202 12.02 1.5193158446658042
1203 12.030000000000001 1.522254394170166
1204 12.040000000000001 1.5251328406544082
1205 12.05 1.5279510705040826
1206 12.06 1.5307089724819058
1207 12.07 1.533406437732151
1208 12.08 1.536043359784948
1209 12.09 1.5386196345604832
1210 12.1 1.5411351603731147
1211 12.11 1.5435898379353854
1212 12.120000000000001 1.5459835703619431
1213 12.13 1.5483162631733682
1214 12.14 1.5505878242999045
1215 12.15 1.552798164085094
1216 12.16 1.5549471952893192
1217 12.17 1.5570348330932455
1218 12.18 1.5590609951011731
1219 12.19 1.5610256013442925
1220 12.200000000000001 1.562928574283837
1221 12.21 1.5647698388141509
1222 12.22 1.5665493222656501
1223 12.23 1.5682669544076993
1224 12.24 1.5699226674513764
1225 12.25 1.571516396052159
1226 12.26 1.573048077312496
1227 12.27 1.5745176507843002
1228 12.280000000000001 1.57592505847133
1229 12.290000000000001 1.5772702448314817
1230 12.3 1.5785531567789823
1231 12.31 1.5797737436864892
1232 12.32 1.5809319573870861
1233 12.33 1.582027752176188
1234 12.34 1.583061084813345
1235 12.35 1.5840319145239514
1236 12.36 1.5849402030008533
1237 12.370000000000001 1.5857859144058688
1238 12.38 1.5865690153711942
1239 12.39 1.5872894750007298
1240 12.4 1.5879472648712984
1241 12.41 1.5885423590337657
1242 12.42 1.5890747340140687
1243 12.43 1.589544368814141
1244 12.44 1.5899512449127462
1245 12.450000000000001 1.590295346266203
1246 12.46 1.5905766593090278
1247 12.47 1.5907951729544663
1248 12.48 1.59095087859493
1249 12.49 1.5910437701023419
1250 12.5 1.5910738438283765
1251 12.51 1.5910410986046044
1252 12.52 1.590945535742539
1253 12.530000000000001 1.590787159033587
1254 12.540000000000001 1.5905659747488974
1255 12.55 1.5902819916391175
1256 12.56 1.589935220934045
1257 12.57 1.589525676342186
1258 12.58 1.5890533740502175
1259 12.59 1.5885183327223458
1260 12.6 1.5879205734995707
1261 12.61 1.5872601199988527
1262 12.620000000000001 1.5865369983121813
1263 12.63 1.5857512370055442
1264 12.64 1.5849028671178018
1265 12.65 1.5839919221594616
1266 12.66 1.5830184381113552
1267 12.67 1.5819824534232212
1268 12.68 1.5808840090121836
1269 12.69 1.5797231482611398
1270 12.700000000000001 1.5784999170170502
1271 12.71 1.577214363589126
1272 12.72 1.5758665387469217
1273 12.73 1.5744564957183331
1274 12.74 1.5729842901874982
1275 12.75 1.5714499802925965
1276 12.76 1.5698536266235543
1277 12.77 1.5681952922196578
1278 12.780000000000001 1.5664750425670566
1279 12.790000000000001 1.5646929455961884
1280 12.8 1.5628490716790904
1281 12.81 1.5609434936266247
1282 12.82 1.5589762866856056
1283 12.83 1.5569475285358247
1284 12.84 1.5548572992869902
1285 12.85 1.5527056814755624
1286 12.86 1.5504927600614953
1287 12.870000000000001 1.5482186224248817
1288 12.88 1.5458833583625085
1289 12.89 1.5434870600843065
1290 12.9 1.5410298222097163
1291 12.91 1.5385117417639476
1292 12.92 1.535932918174153
1293 12.93 1.5332934532655027
1294 12.94 1.530593451257162
1295 12.950000000000001 1.5278330187581812
1296 12.96 1.5250122647632867
1297 12.97 1.522131300648576
1298 12.98 1.5191902401671225
1299 12.99 1.516189199444484
1300 13.0 1.513128296974123
1301 13.01 1.5100076536127212
1302 13.02 1.506827392575415
1303 13.030000000000001 1.503587639430931
1304 13.040000000000001 1.5002885220966253
1305 13.05 1.4969301708334397
1306 13.06 1.4935127182407506
1307 13.07 1.490036299251143
1308 13.08 1.4865010511250816
1309 13.09 1.4829071134454888
1310 13.1 1.479254628112239
1311 13.11 1.4755437393365525
1312 13.120000000000001 1.4717745936353066
1313 13.13 1.4679473398252503
1314 13.14 1.4640621290171287
1315 13.15 1.4601191146097152
1316 13.16 1.4561184522837625
1317 13.17 1.4520602999958503
1318 13.18 1.4479448179721515
1319 13.19 1.443772168702111
1320 13.200000000000001 1.4395425169320228
1321 13.21 1.4352560296585355
1322 13.22 1.4309128761220533
1323 13.23 1.4265132278000556
1324 13.24 1.4220572584003306
1325 13.25 1.417545143854115
1326 13.26 1.4129770623091482
1327 13.27 1.4083531941226424
1328 13.280000000000001 1.4036737218541617
1329 13.290000000000001 1.3989388302584125
1330 13.3 1.394148706277952
1331 13.31 1.3893035390358075
1332 13.32 1.3844035198280102
1333 13.33 1.3794488421160431
1334 13.34 1.3744397015192042
1335 13.35 1.3693762958068842
1336 13.36 1.3642588248907566
1337 13.370000000000001 1.3590874908168877
1338 13.38 1.3538624977577611
1339 13.39 1.3485840520042145
1340 13.4 1.3432523619572958
1341 13.41 1.337867638120041
1342 13.42 1.332430093089156
1343 13.43 1.3269399415466285
1344 13.44 1.3213974002512554
1345 13.450000000000001 1.315802688030077
1346 13.46 1.3101560257697469
1347 13.47 1.3044576364078053
1348 13.48 1.298707744923881
1349 13.49 1.292906578330812
1350 13.5 1.2870543656656754
1351 13.51 1.2811513379807518
1352 13.52 1.2751977283344056
1353 13.530000000000001 1.2691937717818749
1354 13.540000000000001 1.2631397053660027
1355 13.55 1.257035768107873
1356 13.56 1.250882200997371
1357 13.57 1.244679246983679
1358 13.58 1.2384271509656761
1359 13.59 1.2321261597822768
1360 13.6 1.225776522202675
1361 13.61 1.2193784889165378
1362 13.620000000000001 1.212932312524103
1363 13.63 1.2064382475261977
1364 13.64 1.1998965503142012
1365 13.65 1.1933074791599232
1366 13.66 1.1866712942054
1367 13.67 1.1799882574526324
1368 13.68 1.173258632753233
1369 13.69 1.166482685798024
1370 13.700000000000001 1.1596606841065262
1371 13.71 1.1527928970164258
1372 13.72 1.1458795956729144
1373 13.73 1.1389210530179983
1374 13.74 1.1319175437797244
1375 13.75 1.124869344461326
1376 13.76 1.1177767333303144
1377 13.77 1.1106399904074884
1378 13.780000000000001 1.1034593974558806
1379 13.790000000000001 1.0962352379696347
1380 13.8 1.0889677971628124
1381 13.81 1.081657361958134
1382 13.82 1.0743042209756504
1383 13.83 1.0669086645213453
1384 13.84 1.0594709845756833
1385 13.85 1.0519914747820716
1386 13.86 1.0444704304352794
1387 13.870000000000001 1.0369081484697649
1388 13.88 1.0293049274479689
1389 13.89 1.0216610675485107
1390 13.9 1.0139768705543535
1391 13.91 1.0062526398408806
1392 13.92 0.9984886803639208
1393 13.93 0.9906852986477066
1394 13.94 0.9828428027727778
1395 13.950000000000001 0.9749615023638114
1396 13.96 0.9670417085774119
1397 13.97 0.9590837340898091
1398 13.98 0.9510878930845221
1399 13.99 0.9430545012399598
1400 14.0 0.9349838757169513
1401 14.01 0.9268763351462264
1402 14.02 0.9187321996158415
1403 14.030000000000001 0.9105517906585296
1404 14.040000000000001 0.9023354312390293
1405 14.05 0.8940834457413036
1406 14.06 0.8857961599557616
1407 14.07 0.8774739010663763
1408 14.08 0.8691169976377839
1409 14.09 0.8607257796022996
1410 14.1 0.8523005782468926
1411 14.11 0.8438417262001208
1412 14.120000000000001 0.8353495574189829
1413 14.13 0.8268244071757405
1414 14.14 0.8182666120446802
1415 14.15 0.8096765098888321
1416 14.16 0.8010544398466202
1417 14.17 0.7924007423184811
1418 14.18 0.7837157589534236
1419 14.19 0.7749998326355394
1420 14.200000000000001 0.7662533074704632
1421 14.21 0.7574765287718002
1422 14.22 0.7486698430474767
1423 14.23 0.7398335979860677
1424 14.24 0.7309681424430714
1425 14.25 0.7220738264271356
1426 14.26 0.7131510010862394
1427 14.27 0.7042000186938298
1428 14.280000000000001 0.6952212326349096
1429 14.290000000000001 0.6862149973920948
1430 14.3 0.6771816685316159
1431 14.31 0.6681216026892765
1432 14.32 0.6590351575563771
1433 14.33 0.6499226918655898
1434 14.34 0.6407845653768005
1435 14.35 0.6316211388629105
1436 14.36 0.6224327740955742
1437 14.370000000000001 0.6132198338309376
1438 14.38 0.6039826817953058
1439 14.39 0.5947216826707828
1440 14.4 0.5854372020808798
1441 14.41 0.5761296065760737
1442 14.42 0.566799263619342
1443 14.43 0.5574465415716521
1444 14.44 0.5480718096774142
1445 14.450000000000001 0.5386754380499124
1446 14.46 0.5292577976566903
1447 14.47 0.5198192603049012
1448 14.48 0.5103601986266284
1449 14.49 0.5008809860641827
1450 14.5 0.491381996855349
1451 14.51 0.4818636060186119
1452 14.52 0.47232618933836523
1453 14.530000000000001 0.4627701233500501
1454 14.540000000000001 0.45319578532531857
1455 14.55 0.4436035532571099
1456 14.56 0.4339938058447519
1457 14.57 0.424366922478991
1458 14.58 0.41472328322703067
1459 14.59 0.4050632688175133
1460 14.6 0.3953872606254931
1461 14.61 0.3856956406573868
1462 14.620000000000001 0.3759887915358764
1463 14.63 0.3662670964848207
1464 14.64 0.3565309393141112
1465 14.65 0.3467807044045257
1466 14.66 0.33701677669255936
1467 14.67 0.3272395416552101
1468 14.68 0.3174493852947835
1469 14.69 0.30764669412362267
1470 14.700000000000001 0.2978318551488828
1471 14.71 0.28800525585723236
1472 14.72 0.27816728419955083
1473 14.73 0.2683183285756261
1474 14.74 0.258458777818813
1475 14.75 0.24858902118068293
1476 14.76 0.23870944831565755
1477 14.77 0.22882044926563072
1478 14.780000000000001 0.21892241444454097
1479 14.790000000000001 0.20901573462301304
1480 14.8 0.19910080091286542
1481 14.81 0.18917800475172442
1482 14.82 0.17924773788753434
1483 14.83 0.1693103923631103
1484 14.84 0.15936636050065012
1485 14.85 0.149416034886249
1486 14.86 0.1394598083543972
1487 14.870000000000001 0.12949807397248314
1488 14.88 0.11953122502525382
1489 14.89 0.1095596549993143
1490 14.9 0.09958375756756332
1491 14.91 0.08960392657367677
1492 14.92 0.07962055601653795
1493 14.93 0.0696340400347033
1494 14.94 0.059644772890814934
1495 14.950000000000001 0.04965314895607165
1496 14.96 0.03965956269462545
1497 14.97 0.029664408648017115
1498 14.98 0.01966808141961529
1499 14.99 0.009670975659011205
1500 15.0 -0.00032651395353155976
1501 15.01 -0.010323992722689468
1502 15.02 -0.020321065953645245
1503 15.030000000000001 -0.03031733896766653
1504 15.040000000000001 -0.04031241711770406
1505 15.05 -0.05030590580395433
1506 15.06 -0.060297410489452474
1507 15.07 -0.07028653671563845
1508 15.08 -0.08027289011794636
1509 15.09 -0.09025607644134759
1510 15.1 -0.10023570155594363
1511 15.11 -0.11021137147250748
1512 15.120000000000001 -0.12018269235805512
1513 15.13 -0.1301492705513727
1514 15.14 -0.14011071257857566
1515 15.15 -0.15006662516863933
1516 15.16 -0.1600166152689244
1517 15.17 -0.1699602900606898
1518 15.18 -0.17989725697460912
1519 15.19 -0.18982712370626942
1520 15.200000000000001 -0.19974949823164856
1521 15.21 -0.20966398882261394
1522 15.22 -0.21957020406235017
1523 15.23 -0.2294677528608613
1524 15.24 -0.2393562444703825
1525 15.25 -0.24923528850079535
1526 15.26 -0.2591044949350767
1527 15.27 -0.26896347414465893
1528 15.280000000000001 -0.2788118369048469
1529 15.290000000000001 -0.2886491944101497
1530 15.3 -0.2984751582896674
1531 15.31 -0.30828934062239455
1532 15.32 -0.31809135395255517
1533 15.33 -0.32788081130488145
1534 15.34 -0.33765732619990807
1535 15.35 -0.34742051266922225
1536 15.36 -0.3571699852707084
1537 15.370000000000001 -0.366905359103761
1538 15.38 -0.3766262498244757
1539 15.39 -0.38633227366083034
1540 15.4 -0.396023047427839
1541 15.41 -0.4056981885426758
1542 15.42 -0.41535731503977935
1543 15.43 -0.4250000455859251
1544 15.44 -0.43462599949530656
1545 15.450000000000001 -0.44423479674454036
1546 15.46 -0.45382605798766384
1547 15.47 -0.4633994045711507
1548 15.48 -0.47295445854880924
1549 15.49 -0.48249084269675535
1550 15.5 -0.49200818052825923
1551 15.51 -0.5015060963086402
1552 15.52 -0.5109842150700903
1553 15.530000000000001 -0.5204421626264786
1554 15.540000000000001 -0.5298795655881268
1555 15.55 -0.539296051376537
1556 15.56 -0.5486912482391304
1557 15.57 -0.5580647852639071
1558 15.58 -0.5674162923940749
1559 15.59 -0.5767454004426842
1560 15.6 -0.5860517411071928
1561 15.610000000000001 -0.5953349469840177
1562 15.620000000000001 -0.6045946515830174
1563 15.63 -0.6138304893419768
1564 15.64 -0.6230420956410558
1565 15.65 -0.6322291068171424
1566 15.66 -0.6413911601782569
1567 15.67 -0.6505278940178343
1568 15.68 -0.6596389476290323
1569 15.69 -0.6687239613189497
1570 15.700000000000001 -0.6777825764228496
1571 15.71 -0.6868144353182881
1572 15.72 -0.6958191814392833
1573 15.73 -0.7047964592903444
1574 15.74 -0.7137459144605316
1575 15.75 -0.722667193637438
1576 15.76 -0.7315599446211518
1577 15.77 -0.7404238163381489
1578 15.780000000000001 -0.7492584588551647
1579 15.790000000000001 -0.7580635233929858
1580 15.8 -0.7668386623402608
1581 15.81 -0.7755835292671929
1582 15.82 -0.7842977789392194
1583 15.83 -0.7929810673306577
1584 15.84 -0.8016330516382784
1585 15.85 -0.8102533902948306
1586 15.860000000000001 -0.8188417429825492
1587 15.870000000000001 -0.82739777064657
1588 15.88 -0.8359211355083307
1589 15.89 -0.8444115010789002
1590 15.9 -0.8528685321722485
1591 15.91 -0.8612918949185229
1592 15.92 -0.8696812567771932
1593 15.93 -0.8780362865501772
1594 15.94 -0.8863566543949517
1595 15.950000000000001 -0.8946420318375345
1596 15.96 -0.9028920917854819
1597 15.97 -0.9111065085407795
1598 15.98 -0.9192849578127493
1599 15.99 -0.927427116730783
1600 16.0 -0.9355326638571384
1601 16.01 -0.9436012791996156
1602 16.02 -0.9516326442241905
1603 16.03 -0.9596264418676057
1604 16.04 -0.9675823565498618
1605 16.05 -0.9755000741866944
1606 16.06 -0.9833792822019589
1607 16.07 -0.9912196695400155
1608 16.080000000000002 -0.9990209266779502
1609 16.09 -1.0067827456378318
1610 16.1 -1.0145048199988693
1611 16.11 -1.0221868449094842
1612 16.12 -1.0298285170994
1613 16.13 -1.0374295348915439
1614 16.14 -1.044989598214027
1615 16.15 -1.0525084086119456
1616 16.16 -1.0599856692591807
1617 16.17 -1.0674210849701211
1618 16.18 -1.0748143622113027
1619 16.19 -1.0821652091130147
1620 16.2 -1.0894733354808288
1621 16.21 -1.0967384528070205
1622 16.22 -1.1039602742819916
1623 16.23 -1.1111385148055994
1624 16.240000000000002 -1.1182728909984014
1625 16.25 -1.1253631212128141
1626 16.26 -1.1324089255442864
1627 16.27 -1.1394100258423165
1628 16.28 -1.146366145721455
1629 16.29 -1.1532770105721823
1630 16.3 -1.16014234757181
1631 16.31 -1.1669618856951658
1632 16.32 -1.1737353557253911
1633 16.330000000000002 -1.1804624902645102
1634 16.34 -1.1871430237439888
1635 16.35 -1.1937766924352538
1636 16.36 -1.2003632344600597
1637 16.37 -1.2069023898008773
1638 16.38 -1.213393900311118
1639 16.39 -1.219837509725366
1640 16.4 -1.2262329636694353
1641 16.41 -1.2325800096704924
1642 16.42 -1.238878397166971
1643 16.43 -1.2451278775184527
1644 16.44 -1.2513282040155609
1645 16.45 -1.2574791318895997
1646 16.46 -1.2635804183223023
1647 16.47 -1.2696318224553593
1648 16.48 -1.2756331053999794
1649 16.490000000000002 -1.2815840302462789
1650 16.5 -1.2874843620726537
1651 16.51 -1.293333867955056
1652 16.52 -1.2991323169761877
1653 16.53 -1.3048794802346357
1654 16.54 -1.310575130853863
1655 16.55 -1.3162190439912074
1656 16.56 -1.3218109968467608
1657 16.57 -1.3273507686721402
1658 16.580000000000002 -1.332838140779213
1659 16.59 -1.338272896548748
1660 16.6 -1.3436548214389568
1661 16.61 -1.3489837029939409
1662 16.62 -1.3542593308521411
1663 16.63 -1.3594814967545545
1664 16.64 -1.3646499945530586
1665 16.65 -1.369764620218465
1666 16.66 -1.3748251718486415
1667 16.67 -1.3798314496764235
1668 16.68 -1.3847832560775402
1669 16.69 -1.3896803955784307
1670 16.7 -1.3945226748639037
1671 16.71 -1.3993099027848466
1672 16.72 -1.4040418903657006
1673 16.73 -1.4087184508119712
1674 16.740000000000002 -1.4133393995175858
1675 16.75 -1.4179045540721908
1676 16.76 -1.422413734268332
1677 16.77 -1.4268667621086202
1678 16.78 -1.431263461812673
1679 16.79 -1.435603659824153
1680 16.8 -1.439887184817561
1681 16.81 -1.4441138677050098
1682 16.82 -1.448283541642919
1683 16.830000000000002 -1.4523960420385933
1684 16.84 -1.4564512065567037
1685 16.85 -1.4604488751257172
1686 16.86 -1.4643888899442246
1687 16.87 -1.4682710954871396
1688 16.88 -1.4720953385118882
1689 16.89 -1.475861468064405
1690 16.9 -1.479569335485138
1691 16.91 -1.4832187944149062
1692 16.92 -1.4868097008006487
1693 16.93 -1.4903419129011581
1694 16.94 -1.4938152912926626
1695 16.95 -1.4972296988743068
1696 16.96 -1.5005850008736168
1697 16.97 -1.5038810648517469
1698 16.98 -1.5071177607088018
1699 16.990000000000002 -1.5102949606888956
1700 17.0 -1.5134125393852145
1701 17.01 -1.5164703737450331
1702 17.02 -1.519468343074461
1703 17.03 -1.5224063290433207
1704 17.04 -1.5252842156897302
1705 17.05 -1.5281018894247325
1706 17.06 -1.5308592390368005
1707 17.07 -1.5335561556961466
1708 17.080000000000002 -1.5361925329591202
1709 17.09 -1.5387682667723226
1710 17.1 -1.541283255476806
1711 17.11 -1.5437373998119739
1712 17.12 -1.5461306029196535
1713 17.13 -1.54846277034774
1714 17.14 -1.5507338100540764
1715 17.150000000000002 -1.5529436324100203
1716 17.16 -1.5550921502040183
1717 17.17 -1.5571792786449805
1718 17.18 -1.5592049353657345
1719 17.19 -1.561169040426151
1720 17.2 -1.563071516316434
1721 17.21 -1.564912287960098
1722 17.22 -1.5666912827169455
1723 17.23 -1.568408430385965
1724 17.240000000000002 -1.5700636632080602
1725 17.25 -1.5716569158687577
1726 17.26 -1.5731881255008062
1727 17.27 -1.5746572316865937
1728 17.28 -1.576064176460612
1729 17.29 -1.5774089043116604
1730 17.3 -1.5786913621851326
1731 17.31 -1.5799114994850427
1732 17.32 -1.5810692680760638
1733 17.330000000000002 -1.5821646222853971
1734 17.34 -1.5831975189045906
1735 17.35 -1.5841679171912801
1736 17.36 -1.5850757788707455
1737 17.37 -1.5859210681374236
1738 17.38 -1.586703751656401
1739 17.39 -1.587423798564636
1740 17.400000000000002 -1.5880811804722157
1741 17.41 -1.5886758714635079
1742 17.42 -1.589207848098134
1743 17.43 -1.5896770894119427
1744 17.44 -1.5900835769177988
1745 17.45 -1.5904272946063642
1746 17.46 -1.5907082289466459
1747 17.47 -1.5909263688866346
1748 17.48 -1.5910817058536892
1749 17.490000000000002 -1.5911742337548773
1750 17.5 -1.5912039489771743
1751 17.51 -1.5911708503877406
1752 17.52 -1.591074939333815
1753 17.53 -1.5909162196427786
1754 17.54 -1.5906946976219274
1755 17.55 -1.5904103820582662
1756 17.56 -1.5900632842181253
1757 17.57 -1.5896534178467974
1758 17.580000000000002 -1.5891807991678846
1759 17.59 -1.5886454468827864
1760 17.6 -1.588047382169833
1761 17.61 -1.5873866286835323
1762 17.62 -1.5866632125536242
1763 17.63 -1.585877162384051
1764 17.64 -1.5850285092518206
1765 17.650000000000002 -1.5841172867057693
1766 17.66 -1.5831435307652626
1767 17.67 -1.5821072799187803
1768 17.68 -1.581008575122354
1769 17.69 -1.5798474597980245
1770 17.7 -1.5786239798320523
1771 17.71 -1.5773381835731541
1772 17.72 -1.5759901218305856
1773 17.73 -1.5745798478721653
1774 17.740000000000002 -1.5731074174220794
1775 17.75 -1.5715728886587925
1776 17.76 -1.5699763222127388
1777 17.77 -1.5683177811638132
1778 17.78 -1.5665973310390555
1779 17.79 -1.5648150398099432
1780 17.8 -1.5629709778897691
1781 17.81 -1.5610652181307643
1782 17.82 -1.5590978358214045
1783 17.830000000000002 -1.55706890868327
1784 17.84 -1.5549785168680756
1785 17.85 -1.5528267429544655
1786 17.86 -1.5506136719447525
1787 17.87 -1.5483393912615853
1788 17.88 -1.5460039907445449
1789 17.89 -1.5436075626464572
1790 17.900000000000002 -1.5411502016298968
1791 17.91 -1.5386320047634001
1792 17.92 -1.536053071517614
1793 17.93 -1.533413503761416
1794 17.94 -1.5307134057578224
1795 17.95 -1.5279528841599657
1796 17.96 -1.5251320480068102
1797 17.97 -1.5222510087188823
1798 17.98 -1.5193098800939282
1799 17.990000000000002 -1.5163087783022533
1800 18.0 -1.5132478218823593
1801 18.01 -1.5101271317360982
1802 18.02 -1.506946831123983
1803 18.03 -1.5037070456602777
1804 18.04 -1.5004079033081155
1805 18.05 -1.4970495343743195
1806 18.06 -1.493632071504429
1807 18.07 -1.4901556496773125
1808 18.080000000000002 -1.4866204061999042
1809 18.09 -1.4830264807018168
1810 18.1 -1.4793740151297783
1811 18.11 -1.4756631537420617
1812 18.12 -1.471894043102779
1813 18.13 -1.4680668320760617
1814 18.14 -1.464181671820299
1815 18.150000000000002 -1.4602387157820544
1816 18.16 -1.4562381196900134
1817 18.17 -1.4521800415489565
1818 18.18 -1.4480646416334082
1819 18.19 -1.4438920824813124
1820 18.2 -1.4396625288877516
1821 18.21 -1.4353761478981824
1822 18.22 -1.4310331088021968
1823 18.23 -1.4266335831265167
1824 18.240000000000002 -1.4221777446283994
1825 18.25 -1.4176657692888028
1826 18.26 -1.4130978353052086
1827 18.27 -1.4084741230849147
1828 18.28 -1.403794815237731
1829 18.29 -1.399060096568732
1830 18.3 -1.3942701540711226
1831 18.31 -1.389425176918678
1832 18.32 -1.384525356458397
1833 18.330000000000002 -1.379570886202984
1834 18.34 -1.374561961823062
1835 18.35 -1.369498781139555
1836 18.36 -1.3643815441159148
1837 18.37 -1.3592104528500926
1838 18.38 -1.353985711566736
1839 18.39 -1.3487075266089477
1840 18.400000000000002 -1.343376106430327
1841 18.41 -1.3379916615865994
1842 18.42 -1.3325544047273041
1843 18.43 -1.327064550587579
1844 18.44 -1.321522315979493
1845 18.45 -1.315927919783519
1846 18.46 -1.3102815829399788
1847 18.47 -1.304583528440304
1848 18.48 -1.2988339813181966
1849 18.490000000000002 -1.2930331686406618
1850 18.5 -1.2871813194993251
1851 18.51 -1.281278665001068
1852 18.52 -1.2753254382590882
1853 18.53 -1.2693218743836638
1854 18.54 -1.263268210472944
1855 18.55 -1.2571646856033851
1856 18.56 -1.2510115408205422
1857 18.57 -1.2448090191294199
1858 18.580000000000002 -1.2385573654849793
1859 18.59 -1.2322568267823328
1860 18.6 -1.2259076518471659
1861 18.61 -1.2195100914258035
1862 18.62 -1.2130643981753195
1863 18.63 -1.2065708266536177
1864 18.64 -1.2000296333093132
1865 18.650000000000002 -1.1934410764717143
1866 18.66 -1.186805416340576
1867 18.67 -1.1801229149757262
1868 18.68 -1.1733938362869338
1869 18.69 -1.1666184460233069
1870 18.7 -1.159797011762862
1871 18.71 -1.152929802902051
1872 18.72 -1.1460170906450173
1873 18.73 -1.1390591479929384
1874 18.740000000000002 -1.132056249733182
1875 18.75 -1.1250086724285921
1876 18.76 -1.1179166944064747
1877 18.77 -1.1107805957476842
1878 18.78 -1.103600658275468
1879 18.79 -1.0963771655444248
1880 18.8 -1.0891104028293341
1881 18.81 -1.081800657113746
1882 18.82 -1.074448217078853
1883 18.830000000000002 -1.0670533730920653
1884 18.84 -1.0596164171953575
1885 18.85 -1.0521376430938858
1886 18.86 -1.0446173461445056
1887 18.87 -1.0370558233439624
1888 18.88 -1.029453373317068
1889 18.89 -1.0218102963052331
1890 18.900000000000002 -1.014126894154316
1891 18.91 -1.0064034703028994
1892 18.92 -0.9986403297701969
1893 18.93 -0.9908377791442007
1894 18.94 -0.9829961265691338
1895 18.95 -0.9751156817338682
1896 18.96 -0.9671967558594474
1897 18.97 -0.9592396616866239
1898 18.98 -0.9512447134637227
1899 18.990000000000002 -0.9432122269342784
1900 19.0 -0.9351425193244438
1901 19.01 -0.9270359093305416
1902 19.02 -0.9188927171063739
1903 19.03 -0.9107132642508304
1904 19.04 -0.9024978737948999
1905 19.05 -0.8942468701891215
1906 19.06 -0.8859605792907814
1907 19.07 -0.8776393283508952
1908 19.080000000000002 -0.8692834460013898
1909 19.09 -0.8608932622422003
1910 19.1 -0.8524691084281955
1911 19.11 -0.8440113172559762
1912 19.12 -0.8355202227509579
1913 19.13 -0.8269961602539979
1914 19.14 -0.8184394664083356
1915 19.150000000000002 -0.8098504791461494
1916 19.16 -0.8012295376752974
1917 19.17 -0.7925769824659881
1918 19.18 -0.7838931552371093
1919 19.19 -0.775178398943055
1920 19.2 -0.7664330577601106
1921 19.21 -0.7576574770725131
1922 19.22 -0.7488520034593762
1923 19.23 -0.7400169846806932
1924 19.240000000000002 -0.7311527696634812
1925 19.25 -0.7222597084885081
1926 19.26 -0.7133381523758828
1927 19.27 -0.7043884536716405
1928 19.28 -0.6954109658335028
1929 19.29 -0.6864060434172927
1930 19.3 -0.6773740420626382
1931 19.31 -0.6683153184789319
1932 19.32 -0.659230230431632
1933 19.330000000000002 -0.6501191367276249
1934 19.34 -0.6409823972014408
1935 19.35 -0.6318203727008722
1936 19.36 -0.62263342507282
1937 19.37 -0.6134219171489406
1938 19.38 -0.6041862127314346
1939 19.39 -0.5949266765785239
1940 19.400000000000002 -0.5856436743901838
1941 19.41 -0.5763375727937614
1942 19.42 -0.5670087393292533
1943 19.43 -0.5576575424351518
1944 19.44 -0.548284351433665
1945 19.45 -0.538889536516109
1946 19.46 -0.5294734687284404
1947 19.47 -0.5200365199566477
1948 19.48 -0.5105790629118587
1949 19.490000000000002 -0.5011014711157884
1950 19.5 -0.4916041188861868
1951 19.51 -0.4820873813214632
1952 19.52 -0.47255163428658875
1953 19.53 -0.46299725439777717
1954 19.54 -0.45342461900790454
1955 19.55 -0.44383410619136043
1956 19.56 -0.4342260947294392
1957 19.57 -0.424600964095049
1958 19.580000000000002 -0.41495909443804635
1959 19.59 -0.4053008665700588
1960 19.6 -0.39562666194944995
1961 19.61 -0.3859368626662558
1962 19.62 -0.3762318514274341
1963 19.63 -0.36651201154109003
1964 19.64 -0.3567777269020951
1965 19.650000000000002 -0.3470293819763981
1966 19.66 -0.33726736178613237
1967 19.67 -0.3274920518941542
1968 19.68 -0.31770383838929206
1969 19.69 -0.3079031078705725
1970 19.7 -0.2980902474324125
1971 19.71 -0.2882656446489307
1972 19.72 -0.2784296875590542
1973 19.73 -0.26858276465088693
1974 19.740000000000002 -0.2587252648467313
1975 19.75 -0.24885757748717197
1976 19.76 -0.23898009231623973
1977 19.77 -0.22909319946603546
1978 19.78 -0.2191972894408707
1979 19.79 -0.20929275310214734
1980 19.8 -0.19937998165315207
1981 19.81 -0.18945936662308327
1982 19.82 -0.17953129985224336
1983 19.830000000000002 -0.1695961734759237
1984 19.84 -0.15965437990942632
1985 19.85 -0.1497063118323183
1986 19.86 -0.13975236217308407
1987 19.87 -0.12979292409355025
1988 19.88 -0.1198283909732254
1989 19.89 -0.10985915639403743
1990 19.900000000000002 -0.09988561412470176
1991 19.91 -0.08990815810520303
1992 19.92 -0.07992718243104946
1993 19.93 -0.06994308133803884
1994 19.94 -0.05995624918642761
1995 19.95 -0.049967080445668444
1996 19.96 -0.03997596967835193
1997 19.97 -0.029983311525370482
1998 19.98 -0.0199895006896611
1999 19.990000000000002 -0.00999493192097134
2000 20.0 0.0