n s W(s)
0 0.0 0.0
1 0.01 0.009999851950666588
2 0.02 0.019998815621114073
3 0.03 0.029996002810028698
4 0.04 0.03999052547390043
5 0.05 0.049981495805907224
6 0.06 0.05996802631477836
7 0.07 0.06994922990362971
8 0.08 0.07992421994876406
9 0.09 0.08989211037842909
10 0.1 0.09985201575152679
11 0.11 0.10980305133626646
12 0.12 0.119744333188755
13 0.13 0.12967497823151697
14 0.14 0.1395941043319376
15 0.15 0.14950083038062262
16 0.16 0.1593942763696659
17 0.17 0.16927356347082068
18 0.18 0.17913781411356466
19 0.19 0.18898615206305458
20 0.2 0.19881770249796124
21 0.21 0.20863159208817939
22 0.22 0.21842694907240526
23 0.23 0.2282029033355741
24 0.24 0.2379585864861525
25 0.25 0.24769313193327658
26 0.26 0.257405674963731
27 0.27 0.2670953528187606
28 0.28 0.27676130477070904
29 0.29 0.28640267219947635
30 0.3 0.2960185986687896
31 0.31 0.3056082300022801
32 0.32 0.3151707143593585
33 0.33 0.3247052023108838
34 0.34 0.3342108469146177
35 0.35000000000000003 0.3436868037904573
36 0.36 0.35313223119544135
37 0.37 0.3625462900985218
38 0.38 0.37192814425509396
39 0.39 0.38127696028127983
40 0.4 0.3905919077279568
41 0.41000000000000003 0.39987215915452645
42 0.42 0.40911689020241504
43 0.43 0.4183252796683009
44 0.44 0.4274965095770615
45 0.45 0.43662976525443326
46 0.46 0.44572423539937917
47 0.47000000000000003 0.45477911215615563
48 0.48 0.4637935911860739
49 0.49 0.47276687173894894
50 0.5 0.48169815672422983
51 0.51 0.49058665278180413
52 0.52 0.4994315703524722
53 0.53 0.5082321237480831
54 0.54 0.5169875312213265
55 0.55 0.525697015035175
56 0.56 0.5343598015319696
57 0.5700000000000001 0.5429751212021444
58 0.58 0.5515422087525795
59 0.59 0.5600603031745841
60 0.6 0.5685286478114941
61 0.61 0.5769464904258871
62 0.62 0.5853130832664017
63 0.63 0.5936276831341613
64 0.64 0.6018895514487906
65 0.65 0.610097954314024
66 0.66 0.6182521625828972
67 0.67 0.6263514519225162
68 0.68 0.6343951028784002
69 0.6900000000000001 0.6423824009383888
70 0.7000000000000001 0.650312636596114
71 0.71 0.6581851054140229
72 0.72 0.6659991080859535
73 0.73 0.6737539504992536
74 0.74 0.6814489437964383
75 0.75 0.6890834044363805
76 0.76 0.69665665425503
77 0.77 0.7041680205256533
78 0.78 0.711616836018593
79 0.79 0.719002439060536
80 0.8 0.7263241735932904
81 0.81 0.7335813892320618
82 0.8200000000000001 0.7407734413232283
83 0.8300000000000001 0.7478996910016018
84 0.84 0.7549595052471816
85 0.85 0.7619522569413818
86 0.86 0.7688773249227401
87 0.87 0.775734094042094
88 0.88 0.7825219552172246
89 0.89 0.7892403054869606
90 0.9 0.7958885480647394
91 0.91 0.8024660923916193
92 0.92 0.8089723541887378
93 0.93 0.8154067555092133
94 0.9400000000000001 0.8217687247894834
95 0.9500000000000001 0.8280576969000772
96 0.96 0.8342731131958143
97 0.97 0.8404144215654302
98 0.98 0.8464810764806184
99 0.99 0.8524725390444909
100 1.0 0.8583882770394471
101 1.01 0.8642277649744506
102 1.02 0.8699904841317083
103 1.03 0.8756759226127475
104 1.04 0.8812835753838881
105 1.05 0.8868129443211039
106 1.06 0.8922635382542705
107 1.07 0.8976348730107965
108 1.08 0.9029264714586308
109 1.09 0.9081378635486477
110 1.1 0.9132685863563992
111 1.11 0.9183181841232378
112 1.12 0.9232862082968007
113 1.1300000000000001 0.9281722175708546
114 1.1400000000000001 0.9329757779244954
115 1.1500000000000001 0.937696462660704
116 1.16 0.9423338524442484
117 1.17 0.946887535338933
118 1.18 0.9513571068441908
119 1.19 0.9557421699310149
120 1.2 0.9600423350772265
121 1.21 0.9642572203020752
122 1.22 0.968386451200171
123 1.23 0.9724296609747429
124 1.24 0.9763864904702186
125 1.25 0.9802565882041318
126 1.26 0.9840396103983416
127 1.27 0.9877352210095702
128 1.28 0.991343091759255
129 1.29 0.9948629021627072
130 1.3 0.9982943395575832
131 1.31 1.0016370991316543
132 1.32 1.004890883949887
133 1.33 1.0080554049808161
134 1.34 1.0111303811222219
135 1.35 1.0141155392260988
136 1.36 1.0170106141229183
137 1.37 1.0198153486451866
138 1.3800000000000001 1.0225294936502856
139 1.3900000000000001 1.0251528080426056
140 1.4000000000000001 1.0276850587949609
141 1.41 1.030126020969291
142 1.42 1.0324754777366398
143 1.43 1.0347332203964177
144 1.44 1.0368990483949387
145 1.45 1.038972769343239
146 1.46 1.0409541990341613
147 1.47 1.0428431614587241
148 1.48 1.044639488821751
149 1.49 1.0463430215567797
150 1.5 1.047953608340233
151 1.51 1.0494711061048645
152 1.52 1.050895380052463
153 1.53 1.05222630366583
154 1.54 1.0534637587200169
155 1.55 1.0546076352928258
156 1.56 1.0556578317745755
157 1.57 1.0566142548771271
158 1.58 1.0574768196421698
159 1.59 1.0582454494487674
160 1.6 1.0589200760201671
161 1.61 1.0595006394298614
162 1.62 1.0599870881069138
163 1.6300000000000001 1.0603793788405378
164 1.6400000000000001 1.0606774767839364
165 1.6500000000000001 1.0608813554573984
166 1.6600000000000001 1.0609909967506477
167 1.67 1.0610063909244551
168 1.68 1.0609275366115019
169 1.69 1.0607544408165022
170 1.7 1.060487118915579
171 1.71 1.0601255946549006
172 1.72 1.0596699001485699
173 1.73 1.0591200758757717
174 1.74 1.058476170677178
175 1.75 1.057738241750608
176 1.76 1.0569063546459483
177 1.77 1.0559805832593303
178 1.78 1.054961009826566
179 1.79 1.0538477249158416
180 1.8 1.0526408274196748
181 1.81 1.0513404245461282
182 1.82 1.0499466318092878
183 1.83 1.048459573019
184 1.84 1.046879380269876
185 1.85 1.0452061939295556
186 1.86 1.04344016262624
187 1.87 1.041581443235489
188 1.8800000000000001 1.0396302008662857
189 1.8900000000000001 1.0375866088463699
190 1.9000000000000001 1.0354508487068412
191 1.9100000000000001 1.033223110166034
192 1.92 1.0309035911126672
193 1.93 1.0284924975882606
194 1.94 1.0259900437688372
195 1.95 1.023396451945897
196 1.96 1.0207119525066697
197 1.97 1.0179367839136502
198 1.98 1.0150711926834164
199 1.99 1.012115433364732
200 2.0 1.0090697685159336
201 2.0100000000000002 1.0059344686816079
202 2.02 1.0027098123685616
203 2.0300000000000002 0.9993960860210789
204 2.04 0.995993583995479
205 2.05 0.9925026085339683
206 2.06 0.9889234697377902
207 2.07 0.9852564855396839
208 2.08 0.9815019816756365
209 2.09 0.9776602916559536
210 2.1 0.9737317567356298
211 2.11 0.9697167258840376
212 2.12 0.9656155557539288
213 2.13 0.9614286106497507
214 2.14 0.9571562624952892
215 2.15 0.9527988908006271
216 2.16 0.9483568826284341
217 2.17 0.9438306325595853
218 2.18 0.9392205426581104
219 2.19 0.9345270224354791
220 2.2 0.9297504888142194
221 2.21 0.9248913660908922
222 2.22 0.9199500858983916
223 2.23 0.914927087167611
224 2.24 0.9098228160884474
225 2.25 0.9046377260701719
226 2.2600000000000002 0.8993722777011475
227 2.27 0.8940269387079207
228 2.2800000000000002 0.8886021839136726
229 2.29 0.8830984951960383
230 2.3000000000000003 0.8775163614443029
231 2.31 0.8718562785159771
232 2.32 0.8661187491927458
233 2.33 0.8603042831358083
234 2.34 0.8544133968406069
235 2.35 0.8484466135909454
236 2.36 0.8424044634125059
237 2.37 0.8362874830257678
238 2.38 0.8300962157983309
239 2.39 0.8238312116966493
240 2.4 0.8174930272371763
241 2.41 0.8110822254369312
242 2.42 0.8045993757634862
243 2.43 0.7980450540843806
244 2.44 0.791419842615972
245 2.45 0.7847243298717057
246 2.46 0.7779591106098529
247 2.47 0.7711247857806662
248 2.48 0.7642219624730076
249 2.49 0.7572512538604128
250 2.5 0.7502132791466289
251 2.5100000000000002 0.7431086635106086
252 2.52 0.7359380380509757
253 2.5300000000000002 0.7287020397299679
254 2.54 0.7214013113168534
255 2.5500000000000003 0.714036501330833
256 2.56 0.7066082639834375
257 2.57 0.6991172591204071
258 2.58 0.6915641521630849
259 2.59 0.6839496140493044
260 2.6 0.6762743211737905
261 2.61 0.6685389553280783
262 2.62 0.660744203639946
263 2.63 0.6528907585123807
264 2.64 0.6449793175620746
265 2.65 0.6370105835574509
266 2.66 0.6289852643562406
267 2.67 0.6209040728426034
268 2.68 0.6127677268638059
269 2.69 0.6045769491664474
270 2.7 0.5963324673322683
271 2.71 0.5880350137135157
272 2.72 0.5796853253678846
273 2.73 0.5712841439930543
274 2.74 0.5628322158607957
275 2.75 0.5543302917506865
276 2.7600000000000002 0.5457791268834162
277 2.77 0.5371794808537027
278 2.7800000000000002 0.5285321175628175
279 2.79 0.5198378051507264
280 2.8000000000000003 0.5110973159278607
281 2.81 0.5023114263065089
282 2.82 0.4934809167318521
283 2.83 0.4846065716126353
284 2.84 0.47568917925149057
285 2.85 0.46672953177490983
286 2.86 0.4577284250628857
287 2.87 0.44868665867820834
288 2.88 0.4396050357954473
289 2.89 0.4304843631295965
290 2.9 0.4213254508644275
291 2.91 0.4121291125805082
292 2.92 0.40289616518294213
293 2.93 0.3936274288288004
294 2.94 0.38432372685426497
295 2.95 0.3749858857014958
296 2.96 0.36561473484522455
297 2.97 0.3562111067190523
298 2.98 0.3467758366415312
299 2.99 0.3373097627419446
300 3.0 0.327813725885866
301 3.0100000000000002 0.3182885696004627
302 3.02 0.30873513999956437
303 3.0300000000000002 0.29915428570850544
304 3.04 0.2895468577887472
305 3.0500000000000003 0.2799137096622637
306 3.06 0.2702556970357497
307 3.0700000000000003 0.26057367782459995
308 3.08 0.25086851207670335
309 3.09 0.24114106189604279
310 3.1 0.23139219136611722
311 3.11 0.22162276647319068
312 3.12 0.21183365502935736
313 3.13 0.20202572659546103
314 3.14 0.19219985240385196
315 3.15 0.1823569052809937
316 3.16 0.17249775956993396
317 3.17 0.16262329105263618
318 3.18 0.15273437687217672
319 3.19 0.14283189545484554
320 3.2 0.13291672643209917
321 3.21 0.122989750562434
322 3.22 0.11305184965314474
323 3.23 0.10310390648199785
324 3.24 0.09314680471880799
325 3.25 0.08318142884695234
326 3.2600000000000002 0.07320866408479443
327 3.27 0.06322939630705271
328 3.2800000000000002 0.053244511966110686
329 3.29 0.043254898013273646
330 3.3000000000000003 0.033261441819978366
331 3.31 0.023265031098973488
332 3.3200000000000003 0.013266553825465266
333 3.33 0.003266898158226006
334 3.34 -0.0067330476392806204
335 3.35 -0.016732395277815115
336 3.36 -0.02673025652127059
337 3.37 -0.036725743265564326
338 3.38 -0.046717967617532885
339 3.39 -0.05670604197381124
340 3.4 -0.06668907909965505
341 3.41 -0.0766661922077807
342 3.42 -0.08663649503711746
343 3.43 -0.0965991019315453
344 3.44 -0.1065531279185592
345 3.45 -0.11649768878788969
346 3.46 -0.12643190117002856
347 3.47 -0.13635488261472695
348 3.48 -0.1462657516693513
349 3.49 -0.1561636279572074
350 3.5 -0.1660476322557276
351 3.5100000000000002 -0.17591688657457727
352 3.52 -0.1857705142336501
353 3.5300000000000002 -0.1956076399409339
354 3.54 -0.20542738987027143
355 3.5500000000000003 -0.21522889173897308
356 3.56 -0.2250112748853077
357 3.5700000000000003 -0.2347736703458363
358 3.58 -0.2445152109326143
359 3.59 -0.2542350313102064
360 3.6 -0.26393226807256553
361 3.61 -0.2736060598197243
362 3.62 -0.2832555472343117
363 3.63 -0.29287987315788655
364 3.64 -0.30247818266708393
365 3.65 -0.3120496231495462
366 3.66 -0.32159334437966436
367 3.67 -0.3311084985941104
368 3.68 -0.34059424056713894
369 3.69 -0.3500497276856578
370 3.7 -0.35947412002408896
371 3.71 -0.36886658041897746
372 3.72 -0.3782262745433549
373 3.73 -0.3875523709808455
374 3.74 -0.3968440412995289
375 3.75 -0.40610046012552736
376 3.7600000000000002 -0.41532080521631265
377 3.77 -0.4245042575337674
378 3.7800000000000002 -0.4336500013169129
379 3.79 -0.44275722415439667
380 3.8000000000000003 -0.45182511705663586
381 3.81 -0.46085287452770984
382 3.8200000000000003 -0.4698396946368675
383 3.83 -0.47878477908980877
384 3.84 -0.48768733329956504
385 3.85 -0.49654656645709316
386 3.86 -0.5053616916015198
387 3.87 -0.5141319256900516
388 3.88 -0.5228564896675305
389 3.89 -0.5315346085356261
390 3.9 -0.5401655114216872
391 3.91 -0.5487484316472315
392 3.92 -0.5572826067960186
393 3.93 -0.5657672787817951
394 3.94 -0.5742016939156347
395 3.95 -0.5825851029728852
396 3.96 -0.5909167612597095
397 3.97 -0.5991959286792614
398 3.98 -0.6074218697974043
399 3.99 -0.615593853908047
400 4.0 -0.6237111550980572
401 4.01 -0.6317730523117397
402 4.0200000000000005 -0.6397788294148832
403 4.03 -0.6477277752583834
404 4.04 -0.6556191837414023
405 4.05 -0.6634523538740975
406 4.0600000000000005 -0.671226589839895
407 4.07 -0.6789412010572846
408 4.08 -0.6865955022411807
409 4.09 -0.6941888134637715
410 4.1 -0.7017204602149523
411 4.11 -0.709189773462203
412 4.12 -0.7165960897100412
413 4.13 -0.7239387510589594
414 4.14 -0.7312171052638554
415 4.15 -0.7384305057919782
416 4.16 -0.7455783118803492
417 4.17 -0.7526598885926958
418 4.18 -0.759674606875846
419 4.19 -0.7666218436156029
420 4.2 -0.7735009816920897
421 4.21 -0.7803114100345887
422 4.22 -0.7870525236757988
423 4.23 -0.7937237238055914
424 4.24 -0.8003244178241928
425 4.25 -0.8068540193948266
426 4.26 -0.8133119484957998
427 4.2700000000000005 -0.8196976314720263
428 4.28 -0.8260105010859728
429 4.29 -0.8322499965680592
430 4.3 -0.8384155636664712
431 4.3100000000000005 -0.8445066546963886
432 4.32 -0.8505227285886274
433 4.33 -0.8564632509377201
434 4.34 -0.8623276940493874
435 4.3500000000000005 -0.8681155369873785
436 4.36 -0.8738262656197939
437 4.37 -0.879459372664714
438 4.38 -0.8850143577352974
439 4.39 -0.8904907273841971
440 4.4 -0.895887995147401
441 4.41 -0.90120568158747
442 4.42 -0.9064433143360873
443 4.43 -0.9116004281360404
444 4.44 -0.9166765648825574
445 4.45 -0.9216712736639714
446 4.46 -0.9265841108018016
447 4.47 -0.9314146398901428
448 4.48 -0.936162431834461
449 4.49 -0.9408270648896853
450 4.5 -0.9454081246976678
451 4.51 -0.9499052043240006
452 4.5200000000000005 -0.9543179042941752
453 4.53 -0.9586458326290348
454 4.54 -0.9628886048796375
455 4.55 -0.9670458441613583
456 4.5600000000000005 -0.9711171811874131
457 4.57 -0.9751022543016177
458 4.58 -0.9790007095105544
459 4.59 -0.9828122005149851
460 4.6000000000000005 -0.9865363887406389
461 4.61 -0.9901729433682611
462 4.62 -0.9937215413630192
463 4.63 -0.9971818675031869
464 4.64 -1.000553614408151
465 4.65 -1.0038364825657276
466 4.66 -1.0070301803587185
467 4.67 -1.0101344240908823
468 4.68 -1.0131489380120868
469 4.69 -1.0160734543428305
470 4.7 -1.018907713298006
471 4.71 -1.0216514631099933
472 4.72 -1.0243044600510167
473 4.73 -1.026866468454795
474 4.74 -1.0293372607374813
475 4.75 -1.0317166174178816
476 4.76 -1.0340043271369304
477 4.7700000000000005 -1.0362001866764778
478 4.78 -1.0383040009773588
479 4.79 -1.0403155831566941
480 4.8 -1.042234754524486
481 4.8100000000000005 -1.044061344599541
482 4.82 -1.0457951911245367
483 4.83 -1.047436140080503
484 4.84 -1.048984045700461
485 4.8500000000000005 -1.0504387704824083
486 4.86 -1.051800185201472
487 4.87 -1.0530681689214525
488 4.88 -1.0542426090055521
489 4.89 -1.05532340112633
490 4.9 -1.056310449275042
491 4.91 -1.0572036657701211
492 4.92 -1.0580029712649655
493 4.93 -1.0587082947550108
494 4.94 -1.0593195735840482
495 4.95 -1.0598367534497193
496 4.96 -1.0602597884084268
497 4.97 -1.0605886408793594
498 4.98 -1.0608232816478527
499 4.99 -1.060963689867993
500 5.0 -1.0610098530644123
501 5.01 -1.0609617671334846
502 5.0200000000000005 -1.060819436343607
503 5.03 -1.0605828733348872
504 5.04 -1.0602520991179638
505 5.05 -1.0598271430721908
506 5.0600000000000005 -1.0593080429429627
507 5.07 -1.0586948448384668
508 5.08 -1.057987603225449
509 5.09 -1.0571863809244988
510 5.1000000000000005 -1.0562912491043868
511 5.11 -1.0553022872758007
512 5.12 -1.0542195832842367
513 5.13 -1.053043233302212
514 5.14 -1.0517733418207555
515 5.15 -1.0504100216400403
516 5.16 -1.0489533938594562
517 5.17 -1.0474035878668033
518 5.18 -1.0457607413268022
519 5.19 -1.0440250001688796
520 5.2 -1.0421965185742081
521 5.21 -1.0402754589619434
522 5.22 -1.0382619919749274
523 5.23 -1.036156296464405
524 5.24 -1.0339585594742076
525 5.25 -1.0316689762240898
526 5.26 -1.029287750092422
527 5.2700000000000005 -1.0268150925981487
528 5.28 -1.0242512233819099
529 5.29 -1.0215963701866428
530 5.3 -1.0188507688372468
531 5.3100000000000005 -1.016014663219707
532 5.32 -1.013088305259437
533 5.33 -1.0100719548987769
534 5.34 -1.0069658800741053
535 5.3500000000000005 -1.0037703566918168
536 5.36 -1.0004856686040284
537 5.37 -0.9971121075831846
538 5.38 -0.9936499732962503
539 5.39 -0.9900995732780373
540 5.4 -0.9864612229039267
541 5.41 -0.9827352453618019
542 5.42 -0.9789219716233788
543 5.43 -0.9750217404148316
544 5.44 -0.9710348981865877
545 5.45 -0.9669617990827106
546 5.46 -0.962802804909316
547 5.47 -0.958558285102491
548 5.48 -0.9542286166954881
549 5.49 -0.9498141842851595
550 5.5 -0.9453153799979148
551 5.51 -0.9407326034547197
552 5.5200000000000005 -0.9360662617357818
553 5.53 -0.9313167693442566
554 5.54 -0.9264845481695119
555 5.55 -0.9215700274495475
556 5.5600000000000005 -0.9165736437330025
557 5.57 -0.9114958408402458
558 5.58 -0.9063370698240547
559 5.59 -0.9010977889294836
560 5.6000000000000005 -0.8957784635531567
561 5.61 -0.8903795662019931
562 5.62 -0.8849015764511421
563 5.63 -0.8793449809014788
564 5.64 -0.8737102731362612
565 5.65 -0.8679979536774098
566 5.66 -0.8622085299409861
567 5.67 -0.856342516192079
568 5.68 -0.8504004334992032
569 5.69 -0.8443828096879571
570 5.7 -0.8382901792941624
571 5.71 -0.8321230835163576
572 5.72 -0.825882070167772
573 5.73 -0.8195676936275831
574 5.74 -0.813180514791739
575 5.75 -0.8067211010231148
576 5.76 -0.8001900261010917
577 5.7700000000000005 -0.7935878701706329
578 5.78 -0.7869152196907265
579 5.79 -0.7801726673822316
580 5.8 -0.7733608121753406
581 5.8100000000000005 -0.7664802591563102
582 5.82 -0.759531619513659
583 5.83 -0.7525155104840309
584 5.84 -0.745432555297171
585 5.8500000000000005 -0.7382833831207307
586 5.86 -0.7310686290043122
587 5.87 -0.7237889338229877
588 5.88 -0.7164449442205125
589 5.89 -0.7090373125517857
590 5.9 -0.7015666968248553
591 5.91 -0.6940337606426823
592 5.92 -0.6864391731439241
593 5.93 -0.6787836089436468
594 5.94 -0.6710677480733409
595 5.95 -0.6632922759206537
596 5.96 -0.6554578831682676
597 5.97 -0.6475652657327373
598 5.98 -0.6396151247026154
599 5.99 -0.6316081662760809
600 6.0 -0.6235451016984541
601 6.01 -0.6154266471986887
602 6.0200000000000005 -0.6072535239260191
603 6.03 -0.5990264578857278
604 6.04 -0.590746179874813
605 6.05 -0.5824134254169024
606 6.0600000000000005 -0.5740289346970258
607 6.07 -0.5655934524958326
608 6.08 -0.5571077281234693
609 6.09 -0.5485725153528591
610 6.1000000000000005 -0.5399885723530673
611 6.11 -0.5313566616216008
612 6.12 -0.5226775499168355
613 6.13 -0.5139520081899889
614 6.140000000000001 -0.5051808115164675
615 6.15 -0.49636473902711487
616 6.16 -0.48750457383899004
617 6.17 -0.47860110298582015
618 6.18 -0.46965511734798326
619 6.19 -0.4606674115823921
620 6.2 -0.45163878405185187
621 6.21 -0.442570036754077
622 6.22 -0.43346197525055175
623 6.23 -0.42431540859494987
624 6.24 -0.4151311492611711
625 6.25 -0.40591001307132046
626 6.26 -0.39665281912303385
627 6.2700000000000005 -0.3873603897170028
628 6.28 -0.3780335502836891
629 6.29 -0.3686731293100678
630 6.3 -0.3592799582660433
631 6.3100000000000005 -0.3498548715305958
632 6.32 -0.34039870631769986
633 6.33 -0.3309123026019023
634 6.34 -0.3213965030436441
635 6.3500000000000005 -0.31185215291458235
636 6.36 -0.3022801000223154
637 6.37 -0.2926811946352359
638 6.38 -0.2830562894068578
639 6.390000000000001 -0.27340623930018637
640 6.4 -0.2637319015116901
641 6.41 -0.25403413539523
642 6.42 -0.2443138023856477
643 6.43 -0.23457176592232543
644 6.44 -0.22480889137234783
645 6.45 -0.21502604595380603
646 6.46 -0.2052240986586753
647 6.47 -0.1954039201756217
648 6.48 -0.18556638281262394
649 6.49 -0.17571236041956695
650 6.5 -0.16584272831057945
651 6.51 -0.15595836318621537
652 6.5200000000000005 -0.14606014305572046
653 6.53 -0.1361489471588726
654 6.54 -0.12622565588803525
655 6.55 -0.1162911507098272
656 6.5600000000000005 -0.10634631408683504
657 6.57 -0.0963920293993965
658 6.58 -0.08642918086684404
659 6.59 -0.07645865346910341
660 6.6000000000000005 -0.06648133286822144
661 6.61 -0.05649810532952415
662 6.62 -0.04650985764274651
663 6.63 -0.03651747704358854
664 6.640000000000001 -0.026521851134702956
665 6.65 -0.01652386780699544
666 6.66 -0.006524415160413355
667 6.67 0.00347561857458345
668 6.68 0.013475345115949722
669 6.69 0.023473876209237687
670 6.7 0.033470323706239924
671 6.71 0.04346379964403013
672 6.72 0.05345341632369127
673 6.73 0.06343828638935634
674 6.74 0.0734175229068228
675 6.75 0.0833902394426218
676 6.76 0.0933555501425758
677 6.7700000000000005 0.1033125698102424
678 6.78 0.11326041398623943
679 6.79 0.12319819902603513
680 6.8 0.13312504217890364
681 6.8100000000000005 0.14304006166639738
682 6.82 0.15294237676027933
683 6.83 0.1628311078611091
684 6.84 0.17270537657620366
685 6.8500000000000005 0.18256430579782545
686 6.86 0.1924070197809158
687 6.87 0.20223264422097031
688 6.88 0.2120403063316587
689 6.890000000000001 0.22182913492255807
690 6.9 0.23159826047611887
691 6.91 0.24134681522548362
692 6.92 0.25107393323102656
693 6.93 0.26077875045754695
694 6.94 0.270460404851093
695 6.95 0.2801180364152458
696 6.96 0.28975078728785775
697 6.97 0.299357801817024
698 6.98 0.3089382266371672
699 6.99 0.31849121074489517
700 7.0 0.3280159055743752
701 7.01 0.3375114650729927
702 7.0200000000000005 0.34697704577652644
703 7.03 0.35641180688361374
704 7.04 0.3658149103310393
705 7.05 0.37518552086794443
706 7.0600000000000005 0.384522806129695
707 7.07 0.3938259367124033
708 7.08 0.4030940862460852
709 7.09 0.4123264314685571
710 7.1000000000000005 0.4215221522980812
711 7.11 0.43068043190655203
712 7.12 0.43980045679202817
713 7.13 0.4488814168506394
714 7.140000000000001 0.45792250544911894
715 7.15 0.4669229194960849
716 7.16 0.4758818595133789
717 7.17 0.4847985297071773
718 7.18 0.4936721380389031
719 7.19 0.5025018962950014
720 7.2 0.5112870201575106
721 7.21 0.52002672927361
722 7.22 0.5287202473247135
723 7.23 0.537366802095562
724 7.24 0.5459656255431184
725 7.25 0.5545159538640974
726 7.26 0.5630170275636033
727 7.2700000000000005 0.5714680915221493
728 7.28 0.5798683950626184
729 7.29 0.5882171920173107
730 7.3 0.596513740794137
731 7.3100000000000005 0.6047573044423302
732 7.32 0.6129471507180142
733 7.33 0.6210825521492325
734 7.34 0.6291627861004372
735 7.3500000000000005 0.6371871348372906
736 7.36 0.6451548855894202
737 7.37 0.6530653306146519
738 7.38 0.6609177672612532
739 7.390000000000001 0.6687114980307456
740 7.4 0.6764458306396932
741 7.41 0.6841200780812642
742 7.42 0.6917335586860531
743 7.43 0.6992855961830173
744 7.44 0.7067755197593328
745 7.45 0.7142026641198527
746 7.46 0.7215663695463945
747 7.47 0.7288659819563463
748 7.48 0.7361008529609308
749 7.49 0.7432703399219918
750 7.5 0.7503738060103728
751 7.51 0.7574106202612825
752 7.5200000000000005 0.7643801576313649
753 7.53 0.7712817990532699
754 7.54 0.7781149314911886
755 7.55 0.7848789479955371
756 7.5600000000000005 0.7915732477562756
757 7.57 0.7981972361567955
758 7.58 0.8047503248260455
759 7.59 0.811231931691907
760 7.6000000000000005 0.8176414810318988
761 7.61 0.8239784035246203
762 7.62 0.830242136300626
763 7.63 0.8364321229921075
764 7.640000000000001 0.8425478137823461
765 7.65 0.8485886654547699
766 7.66 0.8545541414408149
767 7.67 0.8604437118679584
768 7.68 0.8662568536070125
769 7.69 0.8719930503174282
770 7.7 0.8776517924949303
771 7.71 0.883232577515173
772 7.72 0.8887349096792718
773 7.73 0.8941583002576863
774 7.74 0.8995022675335349
775 7.75 0.9047663368452845
776 7.76 0.9099500406293259
777 7.7700000000000005 0.9150529184610718
778 7.78 0.9200745170960545
779 7.79 0.925014390510114
780 7.8 0.929872099939189
781 7.8100000000000005 0.9346472139181401
782 7.82 0.9393393083192905
783 7.83 0.9439479663894872
784 7.84 0.9484727787881866
785 7.8500000000000005 0.9529133436225266
786 7.86 0.9572692664843885
787 7.87 0.9615401604842759
788 7.88 0.965725646286387
789 7.890000000000001 0.9698253521420952
790 7.9 0.9738389139229184
791 7.91 0.9777659751529768
792 7.92 0.9816061870405974
793 7.930000000000001 0.9853592085091805
794 7.94 0.9890247062278945
795 7.95 0.9926023546408942
796 7.96 0.9960918359963671
797 7.97 0.9994928403748418
798 7.98 1.0028050657166432
799 7.99 1.0060282178487796
800 8.0 1.0091620105108632
801 8.01 1.012206165380917
802 8.02 1.015160412099874
803 8.03 1.018024488295623
804 8.040000000000001 1.0207981396061996
805 8.05 1.0234811197029785
806 8.06 1.026073190311422
807 8.07 1.0285741212334187
808 8.08 1.0309836903670657
809 8.09 1.0333016837266769
810 8.1 1.035527895461314
811 8.11 1.0376621278738867
812 8.120000000000001 1.039704191438659
813 8.13 1.0416539048167124
814 8.14 1.0435110948736792
815 8.15 1.0452755966947507
816 8.16 1.0469472535983186
817 8.17 1.0485259171516645
818 8.18 1.0500114471825555
819 8.19 1.0514037117918633
820 8.2 1.0527025873672073
821 8.21 1.0539079585907984
822 8.22 1.0550197184525132
823 8.23 1.0560377682576245
824 8.24 1.0569620176368062
825 8.25 1.0577923845527266
826 8.26 1.058528795308689
827 8.27 1.0591711845548843
828 8.28 1.0597194952936206
829 8.290000000000001 1.0601736788845528
830 8.3 1.0605336950497986
831 8.31 1.0607995118763256
832 8.32 1.060971105820272
833 8.33 1.0610484617070597
834 8.34 1.0610315727346915
835 8.35 1.0609204404731827
836 8.36 1.060715074864902
837 8.370000000000001 1.0604154942235482
838 8.38 1.060021725232673
839 8.39 1.059533802942724
840 8.4 1.0589517707692266
841 8.41 1.0582756804872133
842 8.42 1.0575055922281535
843 8.43 1.0566415744737014
844 8.44 1.055683704050466
845 8.45 1.0546320661215987
846 8.46 1.0534867541813355
847 8.47 1.05224787004488
848 8.48 1.0509155238407857
849 8.49 1.0494898340000418
850 8.5 1.0479709272464106
851 8.51 1.0463589385842624
852 8.52 1.0446540112881166
853 8.53 1.0428562968874076
854 8.540000000000001 1.040965955156139
855 8.55 1.038983154096286
856 8.56 1.0369080699241522
857 8.57 1.0347408870536583
858 8.58 1.0324817980812213
859 8.59 1.030131003768247
860 8.6 1.0276887130220302
861 8.61 1.0251551428789298
862 8.620000000000001 1.0225305184847002
863 8.63 1.0198150730742555
864 8.64 1.0170090479500686
865 8.65 1.0141126924626178
866 8.66 1.0111262639866254
867 8.67 1.0080500278988893
868 8.68 1.0048842575550907
869 8.69 1.0016292342648967
870 8.700000000000001 0.9982852472664945
871 8.71 0.9948525937024897
872 8.72 0.9913315785923942
873 8.73 0.9877225148053412
874 8.74 0.984025723033028
875 8.75 0.980241531760953
876 8.76 0.9763702772395391
877 8.77 0.9724123034529839
878 8.78 0.9683679620907242
879 8.790000000000001 0.9642376125141254
880 8.8 0.9600216217268098
881 8.81 0.9557203643400953
882 8.82 0.9513342225404813
883 8.83 0.9468635860559971
884 8.84 0.9423088521209593
885 8.85 0.9376704254418655
886 8.86 0.9329487181598779
887 8.870000000000001 0.9281441498146705
888 8.88 0.9232571473089592
889 8.89 0.9182881448678017
890 8.9 0.9132375840010809
891 8.91 0.9081059134657608
892 8.92 0.9028935892247318
893 8.93 0.8976010744054292
894 8.94 0.8922288392609516
895 8.950000000000001 0.8867773611252687
896 8.96 0.881247124374795
897 8.97 0.8756386203820057
898 8.98 0.8699523474722355
899 8.99 0.8641888108822968
900 9.0 0.858348522711367
901 9.01 0.8524320018793787
902 9.02 0.8464397740779077
903 9.03 0.840372371724925
904 9.040000000000001 0.8342303339175032
905 9.05 0.8280142063852054
906 9.06 0.8217245414377885
907 9.07 0.8153618979199564
908 9.08 0.8089268411611101
909 9.09 0.80241994292237
910 9.1 0.7958417813488268
911 9.11 0.7891929409181557
912 9.120000000000001 0.7824740123860465
913 9.13 0.775685592736636
914 9.14 0.7688282851274835
915 9.15 0.7619026988381847
916 9.16 0.7549094492126187
917 9.17 0.7478491576086981
918 9.18 0.7407224513399342
919 9.19 0.7335299636215495
920 9.200000000000001 0.7262723335124974
921 9.21 0.7189502058606649
922 9.22 0.7115642312448927
923 9.23 0.7041150659163122
924 9.24 0.6966033717410482
925 9.25 0.689029816141101
926 9.26 0.6813950720345474
927 9.27 0.6736998177784699
928 9.28 0.6659447371030183
929 9.290000000000001 0.6581305190584317
930 9.3 0.6502578579463716
931 9.31 0.6423274532630785
932 9.32 0.6343400096354799
933 9.33 0.6262962367591172
934 9.34 0.6181968493342538
935 9.35 0.6100425670040295
936 9.36 0.6018341142887493
937 9.370000000000001 0.5935722205222191
938 9.38 0.585257619787626
939 9.39 0.5768910508520548
940 9.4 0.5684732570996403
941 9.41 0.560004986468357
942 9.42 0.551486991379079
943 9.43 0.5429200286739615
944 9.44 0.534304859545955
945 9.450000000000001 0.5256422494715025
946 9.46 0.5169329681432373
947 9.47 0.50817778940268
948 9.48 0.4993774911683886
949 9.49 0.49053285536979274
950 9.5 0.4816446678769353
951 9.51 0.4727137184295316
952 9.52 0.4637408005692123
953 9.53 0.4547267115658542
954 9.540000000000001 0.44567225235095975
955 9.55 0.43657822744080477
956 9.56 0.4274454448718643
957 9.57 0.4182747161230509
958 9.58 0.4090668560465929
959 9.59 0.3998226827961844
960 9.6 0.39054301775149725
961 9.61 0.38122868544951416
962 9.620000000000001 0.37188051350767637
963 9.63 0.3624993325502146
964 9.64 0.35308597613675374
965 9.65 0.343641280688189
966 9.66 0.3341660854107431
967 9.67 0.32466123222229726
968 9.68 0.31512756567599354
969 9.69 0.3055659328915681
970 9.700000000000001 0.29597718346849433
971 9.71 0.2863621694214089
972 9.72 0.2767217451014403
973 9.73 0.2670567671166282
974 9.74 0.2573680942591636
975 9.75 0.24765658742990126
976 9.76 0.23792310955832363
977 9.77 0.22816852553114586
978 9.78 0.21839370210818743
979 9.790000000000001 0.2085995078527958
980 9.8 0.19878681305226564
981 9.81 0.18895648963643907
982 9.82 0.17910941110721978
983 9.83 0.16924645245489955
984 9.84 0.15936849008448917
985 9.85 0.14947640173659238
986 9.86 0.13957106640918937
987 9.870000000000001 0.12965336427805596
988 9.88 0.11972417662218504
989 9.89 0.10978438574375105
990 9.9 0.09983487488807441
991 9.91 0.08987652816858827
992 9.92 0.07991023048407442
993 9.93 0.06993686744499428
994 9.94 0.05995732529072484
995 9.950000000000001 0.049972490814070625
996 9.96 0.039983251278499665
997 9.97 0.029990494345383922
998 9.98 0.019995107987142546
999 9.99 0.009997980415846541
1000 10.0 0.0
1001 10.01 -0.009997944922576432
1002 10.02 -0.019994966464123052
1003 10.03 -0.029990176926757737
1004 10.040000000000001 -0.039982688770373406
1005 10.05 -0.04997161469149972
1006 10.06 -0.05995606770216102
1007 10.07 -0.06993516120868848
1008 10.08 -0.07990800909050577
1009 10.09 -0.08987372577887043
1010 10.1 -0.09983142633556634
1011 10.11 -0.10978022653153961
1012 10.120000000000001 -0.11971924292547308
1013 10.13 -0.12964759294228193
1014 10.14 -0.13956439495154935
1015 10.15 -0.1494687683458609
1016 10.16 -0.15935983361905612
1017 10.17 -0.16923671244438052
1018 10.18 -0.17909852775253265
1019 10.19 -0.18894440380959904
1020 10.200000000000001 -0.19877346629487194
1021 10.21 -0.20858484237853317
1022 10.22 -0.2183776607992217
1023 10.23 -0.2281510519414453
1024 10.24 -0.23790414791285386
1025 10.25 -0.24763608262135772
1026 10.26 -0.2573459918520861
1027 10.27 -0.2670330133441783
1028 10.28 -0.2766962868674015
1029 10.290000000000001 -0.2863349542985887
1030 10.3 -0.2959481596978822
1031 10.31 -0.305535049384799
1032 10.32 -0.3150947720140778
1033 10.33 -0.32462647865132876
1034 10.34 -0.33412932284846447
1035 10.35 -0.3436024607189128
1036 10.36 -0.3530450510125993
1037 10.370000000000001 -0.3624562551906988
1038 10.38 -0.37183523750013675
1039 10.39 -0.3811811650478598
1040 10.4 -0.39049320787483544
1041 10.41 -0.39977053902979887
1042 10.42 -0.4090123346427316
1043 10.43 -0.4182177739980651
1044 10.44 -0.4273860396076048
1045 10.450000000000001 -0.4365163172831691
1046 10.46 -0.44560779620892543
1047 10.47 -0.4546596690134449
1048 10.48 -0.4636711318414328
1049 10.49 -0.47264138442515585
1050 10.5 -0.48156963015554827
1051 10.51 -0.49045507615299266
1052 10.52 -0.4992969333377705
1053 10.53 -0.5080944165001733
1054 10.540000000000001 -0.5168467443702724
1055 10.55 -0.5255531396873311
1056 10.56 -0.5342128292688748
1057 10.57 -0.5428250440793843
1058 10.58 -0.5513890192986283
1059 10.59 -0.5599039943896187
1060 10.6 -0.568369213166186
1061 10.61 -0.5767839238601694
1062 10.620000000000001 -0.585147379188212
1063 10.63 -0.5934588364181544
1064 10.64 -0.601717557435036
1065 10.65 -0.609922808806671
1066 10.66 -0.6180738618488193
1067 10.67 -0.6261699926899279
1068 10.68 -0.6342104823354495
1069 10.69 -0.6421946167317276
1070 10.700000000000001 -0.6501216868294399
1071 10.71 -0.6579909886465956
1072 10.72 -0.6658018233310908
1073 10.73 -0.6735534972227989
1074 10.74 -0.6812453219152037
1075 10.75 -0.6888766143165652
1076 10.76 -0.6964466967106132
1077 10.77 -0.7039548968167629
1078 10.78 -0.7114005478498485
1079 10.790000000000001 -0.7187829885793687
1080 10.8 -0.726101563388232
1081 10.81 -0.7333556223310174
1082 10.82 -0.7405445211917175
1083 10.83 -0.7476676215409792
1084 10.84 -0.7547242907928283
1085 10.85 -0.7617139022608752
1086 10.86 -0.7686358352139981
1087 10.870000000000001 -0.7754894749314946
1088 10.88 -0.7822742127576975
1089 10.89 -0.7889894461560605
1090 10.9 -0.7956345787626897
1091 10.91 -0.8022090204393326
1092 10.92 -0.8087121873258116
1093 10.93 -0.8151435018919027
1094 10.94 -0.8215023929886468
1095 10.950000000000001 -0.8277882958991013
1096 10.96 -0.8340006523885083
1097 10.97 -0.8401389107539032
1098 10.98 -0.84620252587313
1099 10.99 -0.8521909592532756
1100 11.0 -0.8581036790785165
1101 11.01 -0.8639401602573726
1102 11.02 -0.86969988446936
1103 11.03 -0.8753823402110474
1104 11.040000000000001 -0.8809870228415025
1105 11.05 -0.8865134346271282
1106 11.06 -0.8919610847858916
1107 11.07 -0.8973294895309294
1108 11.08 -0.9026181721135311
1109 11.09 -0.9078266628655022
1110 11.1 -0.9129544992408942
1111 11.11 -0.9180012258571016
1112 11.120000000000001 -0.9229663945353274
1113 11.13 -0.9278495643403998
1114 11.14 -0.9326503016199562
1115 11.15 -0.9373681800429712
1116 11.16 -0.9420027806376392
1117 11.17 -0.946553691828599
1118 11.18 -0.951020509473508
1119 11.19 -0.9554028368989466
1120 11.200000000000001 -0.9597002849356708
1121 11.21 -0.9639124719531831
1122 11.22 -0.9680390238936516
1123 11.23 -0.97207957430514
1124 11.24 -0.9760337643741712
1125 11.25 -0.9799012429576106
1126 11.26 -0.9836816666138666
1127 11.27 -0.9873746996334059
1128 11.28 -0.9909800140685865
1129 11.290000000000001 -0.9944972897627964
1130 11.3 -0.9979262143789
1131 11.31 -1.0012664834269966
1132 11.32 -1.004517800291473
1133 11.33 -1.007679876257361
1134 11.34 -1.0107524305359936
1135 11.35 -1.013735190289954
1136 11.36 -1.0166278906573232
1137 11.370000000000001 -1.019430274775212
1138 11.38 -1.022142093802588
1139 11.39 -1.0247631069423897
1140 11.4 -1.027293081462922
1141 11.41 -1.0297317927185405
1142 11.42 -1.0320790241696112
1143 11.43 -1.034334567401757
1144 11.44 -1.036498222144377
1145 11.450000000000001 -1.0385697962884437
1146 11.46 -1.040549105903576
1147 11.47 -1.0424359752543877
1148 11.48 -1.0442302368161012
1149 11.49 -1.0459317312894414
1150 11.5 -1.0475403076147878
1151 11.51 -1.0490558229856044
1152 11.52 -1.0504781428611316
1153 11.53 -1.0518071409783447
1154 11.540000000000001 -1.053042699363175
1155 11.55 -1.0541847083409985
1156 11.56 -1.055233066546386
1157 11.57 -1.0561876809321118
1158 11.58 -1.0570484667774283
1159 11.59 -1.057815347695595
1160 11.6 -1.0584882556406763
1161 11.61 -1.0590671309135873
1162 11.620000000000001 -1.059551922167406
1163 11.63 -1.0599425864119412
1164 11.64 -1.0602390890175561
1165 11.65 -1.0604414037182543
1166 11.66 -1.0605495126140148
1167 11.67 -1.060563406172392
1168 11.68 -1.0604830832293675
1169 11.69 -1.060308550989459
1170 11.700000000000001 -1.0600398250250875
1171 11.71 -1.0596769292752004
1172 11.72 -1.0592198960431505
1173 11.73 -1.0586687659938319
1174 11.74 -1.0580235881500741
1175 11.75 -1.0572844198882958
1176 11.76 -1.0564513269334082
1177 11.77 -1.0555243833529886
1178 11.78 -1.0545036715507037
1179 11.790000000000001 -1.0533892822589945
1180 11.8 -1.0521813145310257
1181 11.81 -1.0508798757318885
1182 11.82 -1.049485081529072
1183 11.83 -1.0479970558821918
1184 11.84 -1.0464159310319863
1185 11.85 -1.0447418474885724
1186 11.86 -1.0429749540189723
1187 11.870000000000001 -1.0411154076339026
1188 11.88 -1.0391633735738313
1189 11.89 -1.0371190252943072
1190 11.9 -1.034982544450555
1191 11.91 -1.0327541208813449
1192 11.92 -1.0304339525921355
1193 11.93 -1.0280222457374848
1194 11.94 -1.0255192146027516
1195 11.950000000000001 -1.0229250815850572
1196 11.96 -1.020240077173541
1197 11.97 -1.017464439928885
1198 11.98 -1.0145984164621336
1199 11.99 -1.0116422614127871
1200 12.0 -1.0085962374261899
1201 12.01 -1.005460615130203
1202 12.02 -1.0022356731111712
1203 12.030000000000001 -0.9989216978891746
1204 12.040000000000001 -0.9955189838925917
1205 12.05 -0.9920278334319419
1206 12.06 -0.9884485566730381
1207 12.07 -0.9847814716094418
1208 12.08 -0.9810269040342154
1209 12.09 -0.9771851875109911
1210 12.1 -0.9732566633443425
1211 12.11 -0.9692416805494715
1212 12.120000000000001 -0.9651405958212087
1213 12.13 -0.9609537735023372
1214 12.14 -0.9566815855512252
1215 12.15 -0.9523244115087939
1216 12.16 -0.9478826384648051
1217 12.17 -0.9433566610234825
1218 12.18 -0.9387468812684616
1219 12.19 -0.9340537087270782
1220 12.200000000000001 -0.9292775603339885
1221 12.21 -0.9244188603941474
1222 12.22 -0.919478040545114
1223 12.23 -0.9144555397187129
1224 12.24 -0.9093518041020505
1225 12.25 -0.9041672870978863
1226 12.26 -0.8989024492843563
1227 12.27 -0.8935577583740637
1228 12.280000000000001 -0.8881336891725435
1229 12.290000000000001 -0.8826307235360815
1230 12.3 -0.8770493503289187
1231 12.31 -0.8713900653798226
1232 12.32 -0.8656533714380592
1233 12.33 -0.8598397781287266
1234 12.34 -0.8539498019074918
1235 12.35 -0.8479839660147217
1236 12.36 -0.8419428004290004
1237 12.370000000000001 -0.835826841820059
1238 12.38 -0.8296366335011105
1239 12.39 -0.8233727253805809
1240 12.4 -0.8170356739132734
1241 12.41 -0.8106260420509392
1242 12.42 -0.8041443991922703
1243 12.43 -0.7975913211323307
1244 12.44 -0.7909673900114069
1245 12.450000000000001 -0.7842731942632999
1246 12.46 -0.777509328563061
1247 12.47 -0.7706763937741674
1248 12.48 -0.7637749968951506
1249 12.49 -0.7568057510056843
1250 12.5 -0.7497692752121226
1251 12.51 -0.7426661945925104
1252 12.52 -0.7354971401410619
1253 12.530000000000001 -0.7282627487121136
1254 12.540000000000001 -0.7209636629635501
1255 12.55 -0.7136005312997291
1256 12.56 -0.7061740078138765
1257 12.57 -0.6986847522299944
1258 12.58 -0.6911334298442573
1259 12.59 -0.6835207114659196
1260 12.6 -0.6758472733577268
1261 12.61 -0.6681137971758515
1262 12.620000000000001 -0.6603209699093382
1263 12.63 -0.6524694838190896
1264 12.64 -0.6445600363763662
1265 12.65 -0.6365933302008435
1266 12.66 -0.6285700729981913
1267 12.67 -0.620490977497218
1268 12.68 -0.612356761386561
1269 12.69 -0.6041681472509333
1270 12.700000000000001 -0.595925862506943
1271 12.71 -0.587630639338482
1272 12.72 -0.5792832146316811
1273 12.73 -0.5708843299094624
1274 12.74 -0.5624347312656717
1275 12.75 -0.5539351692987999
1276 12.76 -0.5453863990453192
1277 12.77 -0.5367891799126103
1278 12.780000000000001 -0.5281442756115045
1279 12.790000000000001 -0.5194524540884577
1280 12.8 -0.51071448745732
1281 12.81 -0.501931151930767
1282 12.82 -0.4931032277513392
1283 12.83 -0.48423149912214347
1284 12.84 -0.47531675413719476
1285 12.85 -0.4663597847114058
1286 12.86 -0.4573613865102506
1287 12.870000000000001 -0.44832235887908967
1288 12.88 -0.43924350477215723
1289 12.89 -0.4301256306812462
1290 12.9 -0.4209695465640664
1291 12.91 -0.4117760657723011
1292 12.92 -0.402546004979353
1293 12.93 -0.3932801841078133
1294 12.94 -0.38397942625661763
1295 12.950000000000001 -0.3746445576279438
1296 12.96 -0.36527640745381174
1297 12.97 -0.35587580792243845
1298 12.98 -0.34644359410430337
1299 12.99 -0.3369806038779819
1300 13.0 -0.3274876778557143
1301 13.01 -0.31796565930873744
1302 13.02 -0.30841539409238017
1303 13.030000000000001 -0.29883773057092533
1304 13.040000000000001 -0.28923351954225573
1305 13.05 -0.2796036141622844
1306 13.06 -0.2699488698691548
1307 13.07 -0.26027014430727213
1308 13.08 -0.25056829725111207
1309 13.09 -0.24084419052885675
1310 13.1 -0.231098687945825
1311 13.11 -0.22133265520775858
1312 13.120000000000001 -0.2115469598439228
1313 13.13 -0.20174247113004018
1314 13.14 -0.19192006001107131
1315 13.15 -0.18208059902385987
1316 13.16 -0.1722249622196257
1317 13.17 -0.1623540250863229
1318 13.18 -0.15246866447087104
1319 13.19 -0.14256975850126352
1320 13.200000000000001 -0.13265818650858474
1321 13.21 -0.12273482894887344
1322 13.22 -0.1128005673249417
1323 13.23 -0.1028562841080447
1324 13.24 -0.09290286265951675
1325 13.25 -0.08294118715229448
1326 13.26 -0.07297214249237527
1327 13.27 -0.06299661424022407
1328 13.280000000000001 -0.05301548853208615
1329 13.290000000000001 -0.0430296520013167
1330 13.3 -0.033039991699581606
1331 13.31 -0.02304739501807518
1332 13.32 -0.013052749608711167
1333 13.33 -0.003056943305252524
1334 13.34 0.0069391359555392995
1335 13.35 0.01693460021277815
1336 13.36 0.02692856156034029
1337 13.370000000000001 0.03692013222571866
1338 13.38 0.04690842464889666
1339 13.39 0.05689255156117756
1340 13.4 0.06687162606400499
1341 13.41 0.07684476170773724
1342 13.42 0.08681107257040122
1343 13.43 0.09676967333637432
1344 13.44 0.10671967937503091
1345 13.450000000000001 0.11666020681931855
1346 13.46 0.12659037264427653
1347 13.47 0.13650929474546647
1348 13.48 0.14641609201733274
1349 13.49 0.1563098844314652
1350 13.5 0.1661897931147731
1351 13.51 0.17605494042755154
1352 13.52 0.18590445004144573
1353 13.530000000000001 0.1957374470172848
1354 13.540000000000001 0.20555305788280265
1355 13.55 0.21535041071023642
1356 13.56 0.2251286351937667
1357 13.57 0.2348868627268299
1358 13.58 0.2446242264792735
1359 13.59 0.2543398614743566
1360 13.6 0.26403290466558094
1361 13.61 0.27370249501336197
1362 13.620000000000001 0.28334777356149843
1363 13.63 0.2929678835134846
1364 13.64 0.3025619703086093
1365 13.65 0.3121291816978822
1366 13.66 0.32166866781970427
1367 13.67 0.3311795812753928
1368 13.68 0.34066107720444094
1369 13.69 0.35011231335955806
1370 13.700000000000001 0.3595324501814936
1371 13.71 0.3689206508736156
1372 13.72 0.3782760814762334
1373 13.73 0.3875979109406771
1374 13.74 0.39688531120313186
1375 13.75 0.40613745725817907
1376 13.76 0.4153535272320781
1377 13.77 0.42453270245578345
1378 13.780000000000001 0.43367416753766186
1379 13.790000000000001 0.44277711043591417
1380 13.8 0.4518407225307186
1381 13.81 0.4608641986960418
1382 13.82 0.4698467373711832
1383 13.83 0.4787875406319628
1384 13.84 0.4876858142615781
1385 13.85 0.49654076782119105
1386 13.86 0.5053516147201105
1387 13.870000000000001 0.5141175722856879
1388 13.88 0.5228378618328229
1389 13.89 0.5315117087331291
1390 13.9 0.5401383424837665
1391 13.91 0.5487169967758643
1392 13.92 0.5572469095625898
1393 13.93 0.5657273231268469
1394 13.94 0.5741574841485839
1395 13.950000000000001 0.5825366437717125
1396 13.96 0.5908640576706059
1397 13.97 0.5991389861162428
1398 13.98 0.607360694041903
1399 13.99 0.6155284511084638
1400 14.0 0.6236415317692678
1401 14.01 0.6316992153345904
1402 14.02 0.6397007860356343
1403 14.030000000000001 0.6476455330881254
1404 14.040000000000001 0.6555327507554445
1405 14.05 0.6633617384113233
1406 14.06 0.6711318006020672
1407 14.07 0.6788422471083404
1408 14.08 0.6864923930064819
1409 14.09 0.6940815587293248
1410 14.1 0.7016090701265867
1411 14.11 0.7090742585247334
1412 14.120000000000001 0.716476460786394
1413 14.13 0.7238150193692423
1414 14.14 0.7310892823844295
1415 14.15 0.7382986036544761
1416 14.16 0.7454423427706693
1417 14.17 0.7525198651499547
1418 14.18 0.7595305420913174
1419 14.19 0.7664737508315973
1420 14.200000000000001 0.7733488746008348
1421 14.21 0.7801553026770414
1422 14.22 0.7868924304404636
1423 14.23 0.7935596594272756
1424 14.24 0.8001563973827501
1425 14.25 0.8066820583138643
1426 14.26 0.8131360625413446
1427 14.27 0.8195178367511708
1428 14.280000000000001 0.825826814045497
1429 14.290000000000001 0.8320624339929985
1430 14.3 0.8382241426786692
1431 14.31 0.8443113927530241
1432 14.32 0.8503236434806976
1433 14.33 0.8562603607885055
1434 14.34 0.8621210173128766
1435 14.35 0.8679050924466658
1436 14.36 0.8736120723854519
1437 14.370000000000001 0.87924145017314
1438 14.38 0.8847927257470047
1439 14.39 0.8902654059821025
1440 14.4 0.8956590047351014
1441 14.41 0.9009730428874185
1442 14.42 0.9062070483878273
1443 14.43 0.9113605562943512
1444 14.44 0.9164331088155784
1445 14.450000000000001 0.9214242553513294
1446 14.46 0.9263335525326966
1447 14.47 0.9311605642613685
1448 14.48 0.9359048617484547
1449 14.49 0.9405660235525026
1450 14.5 0.9451436356169722
1451 14.51 0.9496372913069884
1452 14.52 0.9540465914454934
1453 14.530000000000001 0.9583711443486607
1454 14.540000000000001 0.9626105658607464
1455 14.55 0.9667644793881536
1456 14.56 0.9708325159329334
1457 14.57 0.9748143141255134
1458 14.58 0.9787095202568423
1459 14.59 0.9825177883097744
1460 14.6 0.9862387799898364
1461 14.61 0.9898721647552584
1462 14.620000000000001 0.9934176198463192
1463 14.63 0.9968748303140522
1464 14.64 1.0002434890482057
1465 14.65 1.0035232968045094
1466 14.66 1.0067139622312666
1467 14.67 1.0098152018952433
1468 14.68 1.0128267403068207
1469 14.69 1.0157483099445024
1470 14.700000000000001 1.0185796512786425
1471 14.71 1.021320512794503
1472 14.72 1.023970651014615
1473 14.73 1.0265298305203885
1474 14.74 1.028997823973036
1475 14.75 1.0313744121337578
1476 14.76 1.0336593838832187
1477 14.77 1.0358525362402915
1478 14.780000000000001 1.0379536743801054
1479 14.790000000000001 1.0399626116513403
1480 14.8 1.0418791695928
1481 14.81 1.0437031779492933
1482 14.82 1.0454344746866937
1483 14.83 1.0470729060064166
1484 14.84 1.0486183263590085
1485 14.85 1.0500705984571326
1486 14.86 1.0514295932876863
1487 14.870000000000001 1.0526951901233588
1488 14.88 1.053867276533282
1489 14.89 1.0549457483930418
1490 14.9 1.0559305098939156
1491 14.91 1.056821473551409
1492 14.92 1.0576185602129904
1493 14.93 1.05832169906515
1494 14.94 1.0589308276396778
1495 14.950000000000001 1.0594458918191947
1496 14.96 1.0598668458420057
1497 14.97 1.060193652306122
1498 14.98 1.0604262821725605
1499 14.99 1.0605647147680344
1500 15.0 1.060608937786629
1501 15.01 1.0605589472910353
1502 15.02 1.0604147477128123
1503 15.030000000000001 1.0601763518520286
1504 15.040000000000001 1.0598437808761219
1505 15.05 1.0594170643180014
1506 15.06 1.0588962400734339
1507 15.07 1.0582813543977068
1508 15.08 1.0575724619014295
1509 15.09 1.0567696255458152
1510 15.1 1.0558729166369467
1511 15.11 1.0548824148195521
1512 15.120000000000001 1.0537982080698711
1513 15.13 1.0526203926878637
1514 15.14 1.0513490732886126
1515 15.15 1.0499843627931114
1516 15.16 1.0485263824181246
1517 15.17 1.04697526166553
1518 15.18 1.045331138310729
1519 15.19 1.0435941583904693
1520 15.200000000000001 1.041764476189833
1521 15.21 1.039842254228489
1522 15.22 1.0378276632464036
1523 15.23 1.0357208821885067
1524 15.24 1.0335220981888966
1525 15.25 1.0312315065541426
1526 15.26 1.0288493107460255
1527 15.27 1.0263757223633974
1528 15.280000000000001 1.023810961123381
1529 15.290000000000001 1.0211552548419434
1530 15.3 1.018408839413496
1531 15.31 1.0155719587900691
1532 15.32 1.0126448649596398
1533 15.33 1.0096278179236435
1534 15.34 1.0065210856740165
1535 15.35 1.003324944169222
1536 15.36 1.0000396773099354
1537 15.370000000000001 0.9966655769136423
1538 15.38 0.9932029426888391
1539 15.39 0.9896520822083374
1540 15.4 0.9860133108819866
1541 15.41 0.9822869519286144
1542 15.42 0.9784733363473563
1543 15.43 0.9745728028882539
1544 15.44 0.970585698022056
1545 15.450000000000001 0.9665123759096019
1546 15.46 0.9623531983703018
1547 15.47 0.9581085348498846
1548 15.48 0.9537787623877847
1549 15.49 0.9493642655834549
1550 15.5 0.9448654365623455
1551 15.51 0.9402826749409314
1552 15.52 0.9356163877913772
1553 15.530000000000001 0.930866989605228
1554 15.540000000000001 0.9260349022567098
1555 15.55 0.921120554965114
1556 15.56 0.9161243842568467
1557 15.57 0.911046833926477
1558 15.58 0.9058883549974581
1559 15.59 0.9006494056819534
1560 15.6 0.8953304513401577
1561 15.610000000000001 0.8899319644390573
1562 15.620000000000001 0.8844544245102881
1563 15.63 0.8788983181076802
1564 15.64 0.8732641387639788
1565 15.65 0.8675523869470041
1566 15.66 0.8617635700152206
1567 15.67 0.8558982021726038
1568 15.68 0.8499568044230443
1569 15.69 0.8439399045240137
1570 15.700000000000001 0.8378480369396897
1571 15.71 0.831681742793478
1572 15.72 0.8254415698200148
1573 15.73 0.8191280723163672
1574 15.74 0.8127418110929057
1575 15.75 0.806283353423467
1576 15.76 0.799753272994927
1577 15.77 0.7931521498562972
1578 15.780000000000001 0.7864805703671394
1579 15.790000000000001 0.779739127145497
1580 15.8 0.7729284190152725
1581 15.81 0.766049050953022
1582 15.82 0.7591016340341881
1583 15.83 0.7520867853788644
1584 15.84 0.7450051280969348
1585 15.85 0.737857291232757
1586 15.860000000000001 0.7306439097092436
1587 15.870000000000001 0.7233656242715085
1588 15.88 0.7160230814298956
1589 15.89 0.7086169334025811
1590 15.9 0.7011478380576222
1591 15.91 0.6936164588545637
1592 15.92 0.6860234647854639
1593 15.93 0.6783695303153792
1594 15.94 0.6706553353226212
1595 15.950000000000001 0.662881565038262
1596 15.96 0.6550489099853252
1597 15.97 0.6471580659172815
1598 15.98 0.6392097337565161
1599 15.99 0.6312046195317436
1600 16.0 0.6231434343156508
1601 16.01 0.6150268941613746
1602 16.02 0.606855720039178
1603 16.03 0.5986306377721746
1604 16.04 0.5903523779720814
1605 16.05 0.5820216759741328
1606 16.06 0.5736392717718246
1607 16.07 0.5652059099512599
1608 16.080000000000002 0.5567223396248551
1609 16.09 0.5481893143648193
1610 16.1 0.5396075921363916
1611 16.11 0.5309779352303394
1612 16.12 0.5223011101951869
1613 16.13 0.5135778877693866
1614 16.14 0.5048090428125818
1615 16.15 0.495995354236868
1616 16.16 0.4871376049376721
1617 16.17 0.47823658172413275
1618 16.18 0.4692930752491975
1619 16.19 0.46030787993943534
1620 16.2 0.45128179392445134
1621 16.21 0.44221561896590345
1622 16.22 0.43311016038644823
1623 16.23 0.42396622699810393
1624 16.240000000000002 0.4147846310303578
1625 16.25 0.40556618805814537
1626 16.26 0.39631171692919054
1627 16.27 0.38702203969155846
1628 16.28 0.37769798152034184
1629 16.29 0.3683403706446029
1630 16.3 0.35895003827360483
1631 16.31 0.34952781852304327
1632 16.32 0.34007454834105033
1633 16.330000000000002 0.33059106743365874
1634 16.34 0.32107821819045057
1635 16.35 0.3115368456094103
1636 16.36 0.3019677972221615
1637 16.37 0.2923719230184929
1638 16.38 0.282750075371041
1639 16.39 0.2731031089592477
1640 16.4 0.2634318806938012
1641 16.41 0.2537372496402952
1642 16.42 0.24402007694294525
1643 16.43 0.23428122574817678
1644 16.44 0.2245215611278013
1645 16.45 0.21474195000236307
1646 16.46 0.20494326106393146
1647 16.47 0.1951263646992203
1648 16.48 0.18529213291179758
1649 16.490000000000002 0.17544143924511957
1650 16.5 0.16557515870465522
1651 16.51 0.1556941676801813
1652 16.52 0.14579934386804894
1653 16.53 0.13589156619305243
1654 16.54 0.12597171473048263
1655 16.55 0.11604067062792467
1656 16.56 0.10609931602687084
1657 16.57 0.09614853398468881
1658 16.580000000000002 0.08618920839558086
1659 16.59 0.07622222391265154
1660 16.6 0.06624846586913691
1661 16.61 0.0562688201995627
1662 16.62 0.04628417336130042
1663 16.63 0.03629541225564026
1664 16.64 0.02630342414909137
1665 16.65 0.016309096594795847
1666 16.66 0.006313317353090042
1667 16.67 -0.0036830256868825018
1668 16.68 -0.013679044585984457
1669 16.69 -0.023673851434324433
1670 16.7 -0.033666558429985116
1671 16.71 -0.04365627795772298
1672 16.72 -0.053642122667895364
1673 16.73 -0.0636232055555297
1674 16.740000000000002 -0.07359864003873895
1675 16.75 -0.08356754003784772
1676 16.76 -0.0935290200538077
1677 16.77 -0.10348219524692581
1678 16.78 -0.11342618151570605
1679 16.79 -0.12336009557489547
1680 16.8 -0.13328305503449656
1681 16.81 -0.1431941784778985
1682 16.82 -0.15309258553995164
1683 16.830000000000002 -0.16297739698569558
1684 16.84 -0.17284773478797888
1685 16.85 -0.18270272220570405
1686 16.86 -0.19254148386164616
1687 16.87 -0.20236314582024306
1688 16.88 -0.21216683566518668
1689 16.89 -0.22195168257701425
1690 16.9 -0.23171681741018801
1691 16.91 -0.241461372770857
1692 16.92 -0.251184483093283
1693 16.93 -0.260885284717034
1694 16.94 -0.27056291596389315
1695 16.95 -0.28021651721400076
1696 16.96 -0.28984523098247905
1697 16.97 -0.299448201995574
1698 16.98 -0.3090245772665696
1699 16.990000000000002 -0.3185735061716457
1700 17.0 -0.32809414052519514
1701 17.01 -0.3375856346555395
1702 17.02 -0.3470471454798485
1703 17.03 -0.35647783257917354
1704 17.04 -0.365876858272685
1705 17.05 -0.37524338769276255
1706 17.06 -0.38457658885849355
1707 17.07 -0.39387563275002435
1708 17.080000000000002 -0.4031396933820304
1709 17.09 -0.41236794787721465
1710 17.1 -0.42155957653912424
1711 17.11 -0.4307137629252793
1712 17.12 -0.43982969391967686
1713 17.13 -0.44890655980472616
1714 17.14 -0.4579435543334114
1715 17.150000000000002 -0.4669398748010849
1716 17.16 -0.47589472211632255
1717 17.17 -0.4848073008722622
1718 17.18 -0.4936768194172316
1719 17.19 -0.5025024899248365
1720 17.2 -0.5112835284643893
1721 17.21 -0.5200191550699174
1722 17.22 -0.528708593810137
1723 17.23 -0.5373510728567794
1724 17.240000000000002 -0.5459458245536268
1725 17.25 -0.554492085484469
1726 17.26 -0.5629890965408606
1727 17.27 -0.5714361029898782
1728 17.28 -0.5798323545407413
1729 17.29 -0.5881771054117166
1730 17.3 -0.5964696143963124
1731 17.31 -0.6047091449292452
1732 17.32 -0.6128949651517246
1733 17.330000000000002 -0.6210263479764535
1734 17.34 -0.6291025711522593
1735 17.35 -0.6371229173284405
1736 17.36 -0.6450866741180903
1737 17.37 -0.6529931341618749
1738 17.38 -0.6608415951902771
1739 17.39 -0.6686313600866356
1740 17.400000000000002 -0.676361736948536
1741 17.41 -0.6840320391498267
1742 17.42 -0.6916415854008733
1743 17.43 -0.6991896998096081
1744 17.44 -0.7066757119419549
1745 17.45 -0.714098956880207
1746 17.46 -0.7214587752830539
1747 17.47 -0.7287545134439029
1748 17.48 -0.7359855233493136
1749 17.490000000000002 -0.7431511627353302
1750 17.5 -0.7502507951463144
1751 17.51 -0.7572837899899696
1752 17.52 -0.7642495225942412
1753 17.53 -0.771147374262398
1754 17.54 -0.7779767323283977
1755 17.55 -0.784736990210547
1756 17.56 -0.7914275474664692
1757 17.57 -0.7980478098456274
1758 17.580000000000002 -0.8045971893421324
1759 17.59 -0.8110751042476068
1760 17.6 -0.817480979202287
1761 17.61 -0.8238142452463535
1762 17.62 -0.8300743398701798
1763 17.63 -0.8362607070650938
1764 17.64 -0.8423727973718655
1765 17.650000000000002 -0.8484100679300468
1766 17.66 -0.8543719825259473
1767 17.67 -0.8602580116404965
1768 17.68 -0.8660676324962537
1769 17.69 -0.8718003291033369
1770 17.7 -0.8774555923064327
1771 17.71 -0.8830329198287927
1772 17.72 -0.888531816317311
1773 17.73 -0.8939517933867478
1774 17.740000000000002 -0.8992923696632715
1775 17.75 -0.9045530708261253
1776 17.76 -0.9097334296513964
1777 17.77 -0.9148329860521471
1778 17.78 -0.9198512871201956
1779 17.79 -0.9247878871654507
1780 17.8 -0.9296423477566123
1781 17.81 -0.9344142377593698
1782 17.82 -0.9391031333748856
1783 17.830000000000002 -0.9437086181771974
1784 17.84 -0.9482302831511333
1785 17.85 -0.9526677267270998
1786 17.86 -0.9570205548185413
1787 17.87 -0.9612883808553647
1788 17.88 -0.9654708258194091
1789 17.89 -0.96956751827787
1790 17.900000000000002 -0.9735780944155863
1791 17.91 -0.9775021980682368
1792 17.92 -0.9813394807537179
1793 17.93 -0.985089601702839
1794 17.94 -0.9887522278899041
1795 17.95 -0.9923270340624413
1796 17.96 -0.995813702769567
1797 17.97 -0.9992119243906927
1798 17.98 -1.0025213971627522
1799 17.990000000000002 -1.0057418272073164
1800 18.0 -1.008872928556002
1801 18.01 -1.011914423176961
1802 18.02 -1.0148660409987542
1803 18.03 -1.017727519934624
1804 18.04 -1.0204986059055727
1805 18.05 -1.0231790528633837
1806 18.06 -1.0257686228126204
1807 18.07 -1.0282670858304073
1808 18.080000000000002 -1.030674220088713
1809 18.09 -1.0329898118728806
1810 18.1 -1.0352136556006144
1811 18.11 -1.0373455538411918
1812 18.12 -1.039385317332517
1813 18.13 -1.0413327649968096
1814 18.14 -1.043187723958681
1815 18.150000000000002 -1.0449500295591179
1816 18.16 -1.0466195253704882
1817 18.17 -1.0481960632112077
1818 18.18 -1.0496795031571082
1819 18.19 -1.0510697135555347
1820 18.2 -1.052366571036714
1821 18.21 -1.0535699605238733
1822 18.22 -1.0546797752448356
1823 18.23 -1.0556959167399782
1824 18.240000000000002 -1.0566182948726919
1825 18.25 -1.0574468278359745
1826 18.26 -1.0581814421597073
1827 18.27 -1.0588220727190674
1828 18.28 -1.0593686627378247
1829 18.29 -1.0598211637949362
1830 18.3 -1.0601795358280697
1831 18.31 -1.0604437471382653
1832 18.32 -1.060613774392209
1833 18.330000000000002 -1.0606896026230288
1834 18.34 -1.0606712252337047
1835 18.35 -1.060558643996842
1836 18.36 -1.0603518690535338
1837 18.37 -1.060050918914385
1838 18.38 -1.0596558204564417
1839 18.39 -1.0591666089211458
1840 18.400000000000002 -1.0585833279114922
1841 18.41 -1.0579060293875955
1842 18.42 -1.057134773663165
1843 18.43 -1.056269629398912
1844 18.44 -1.0553106735975462
1845 18.45 -1.0542579915955912
1846 18.46 -1.0531116770577
1847 18.47 -1.0518718319661957
1848 18.48 -1.0505385666144775
1849 18.490000000000002 -1.0491119995946292
1850 18.5 -1.0475922577888923
1851 18.51 -1.0459794763572745
1852 18.52 -1.0442737987269766
1853 18.53 -1.0424753765767036
1854 18.54 -1.0405843698267745
1855 18.55 -1.038600946623319
1856 18.56 -1.0365252833227032
1857 18.57 -1.0343575644764087
1858 18.580000000000002 -1.032097982815344
1859 18.59 -1.029746739231996
1860 18.6 -1.0273040427628075
1861 18.61 -1.024770110568852
1862 18.62 -1.0221451679187794
1863 18.63 -1.0194294481664201
1864 18.64 -1.0166231927304352
1865 18.650000000000002 -1.0137266510747622
1866 18.66 -1.0107400806843998
1867 18.67 -1.0076637470431251
1868 18.68 -1.0044979236107565
1869 18.69 -1.0012428917976877
1870 18.7 -0.9978989409407859
1871 18.71 -0.9944663682769033
1872 18.72 -0.9909454789177516
1873 18.73 -0.9873365858213674
1874 18.740000000000002 -0.9836400097651676
1875 18.75 -0.979856079317301
1876 18.76 -0.9759851308081124
1877 18.77 -0.9720275082981971
1878 18.78 -0.9679835635506606
1879 18.79 -0.9638536559980366
1880 18.8 -0.9596381527110225
1881 18.81 -0.9553374283650555
1882 18.82 -0.9509518652091629
1883 18.830000000000002 -0.9464818530291268
1884 18.84 -0.9419277891145157
1885 18.85 -0.9372900782245779
1886 18.86 -0.9325691325504977
1887 18.87 -0.9277653716776513
1888 18.88 -0.9228792225524103
1889 18.89 -0.9179111194403049
1890 18.900000000000002 -0.9128615038891894
1891 18.91 -0.9077308246894518
1892 18.92 -0.9025195378362696
1893 18.93 -0.8972281064859544
1894 18.94 -0.891857000916616
1895 18.95 -0.8864066984849615
1896 18.96 -0.8808776835871868
1897 18.97 -0.8752704476125928
1898 18.98 -0.8695854889012935
1899 18.990000000000002 -0.8638233126994237
1900 19.0 -0.8579844311159377
1901 19.01 -0.8520693630746337
1902 19.02 -0.8460786342704978
1903 19.03 -0.8400127771205916
1904 19.04 -0.8338723307181226
1905 19.05 -0.827657840787424
1906 19.06 -0.8213698596284758
1907 19.07 -0.8150089460741583
1908 19.080000000000002 -0.8085756654400029
1909 19.09 -0.8020705894689399
1910 19.1 -0.7954942962862788
1911 19.11 -0.7888473703465024
1912 19.12 -0.78213040237938
1913 19.13 -0.7753439893417635
1914 19.14 -0.7684887343586979
1915 19.150000000000002 -0.7615652466765823
1916 19.16 -0.7545741416029159
1917 19.17 -0.7475160404562757
1918 19.18 -0.7403915705085637
1919 19.19 -0.7332013649302098
1920 19.2 -0.7259460627333283
1921 19.21 -0.7186263087164662
1922 19.22 -0.7112427534057133
1923 19.23 -0.7037960529978591
1924 19.240000000000002 -0.6962868693012751
1925 19.25 -0.6887158696783899
1926 19.26 -0.6810837269852072
1927 19.27 -0.6733911195135533
1928 19.28 -0.665638730927185
1929 19.29 -0.6578272502051732
1930 19.3 -0.6499573715784663
1931 19.31 -0.6420297944680442
1932 19.32 -0.634045223423982
1933 19.330000000000002 -0.6260043680631497
1934 19.34 -0.6179079430035017
1935 19.35 -0.6097566678047315
1936 19.36 -0.6015512669016516
1937 19.37 -0.5932924695384827
1938 19.38 -0.5849810097092814
1939 19.39 -0.5766176260863176
1940 19.400000000000002 -0.568203061960503
1941 19.41 -0.5597380651713593
1942 19.42 -0.5512233880415351
1943 19.43 -0.5426597873115497
1944 19.44 -0.5340480240702163
1945 19.45 -0.5253888636893862
1946 19.46 -0.5166830757532352
1947 19.47 -0.5079314339939174
1948 19.48 -0.49913471621903227
1949 19.490000000000002 -0.490293704243868
1950 19.5 -0.481409183823871
1951 19.51 -0.4724819445805224
1952 19.52 -0.46351277993699114
1953 19.53 -0.45450248704264595
1954 19.54 -0.4454518667043885
1955 19.55 -0.4363617233157129
1956 19.56 -0.4272328647862196
1957 19.57 -0.4180661024670371
1958 19.580000000000002 -0.40886225108033614
1959 19.59 -0.39962212864929825
1960 19.6 -0.3903465564203543
1961 19.61 -0.38103635879406283
1962 19.62 -0.3716923632550788
1963 19.63 -0.36231540028711606
1964 19.64 -0.35290630331337525
1965 19.650000000000002 -0.3434659086119609
1966 19.66 -0.33399505524948836
1967 19.67 -0.3244945849983196
1968 19.68 -0.3149653422688061
1969 19.69 -0.3054081740328911
1970 19.7 -0.29582392974452887
1971 19.71 -0.2862134612682894
1972 19.72 -0.2765776228065988
1973 19.73 -0.26691727081697536
1974 19.740000000000002 -0.2572332639379056
1975 19.75 -0.2475264629188132
1976 19.76 -0.23779773053456665
1977 19.77 -0.22804793151590275
1978 19.78 -0.2182779324675721
1979 19.79 -0.2084886017955796
1980 19.8 -0.19868080962805834
1981 19.81 -0.18885542773659836
1982 19.82 -0.17901332946439652
1983 19.830000000000002 -0.1691553896393998
1984 19.84 -0.15928248450700266
1985 19.85 -0.14939549164364507
1986 19.86 -0.1394952898867814
1987 19.87 -0.12958275924802365
1988 19.88 -0.11965878084129145
1989 19.89 -0.10972423680595966
1990 19.900000000000002 -0.09978001022136596
1991 19.91 -0.08982698503541542
1992 19.92 -0.07986604598090707
1993 19.93 -0.06989807850322904
1994 19.94 -0.059923968673501804
1995 19.95 -0.04994460311718285
1996 19.96 -0.039960868932666926
1997 19.97 -0.029973653612614726
1998 19.98 -0.019983844960734132
1999 19.990000000000002 -0.009992331023568113
2000 20.0 4.547473508864641e-13