n s W(s)
0 0.0 0.0
1 0.01 0.009999975693934156
2 0.02 0.019999805551948795
3 0.03 0.029999343740502154
4 0.04 0.039998444430807946
5 0.05 0.049996961801212964
6 0.06 0.059994750039574746
7 0.07 0.06999166334563882
8 0.08 0.07998755593341603
9 0.09 0.08998228203355958
10 0.1 0.09997569589574176
11 0.11 0.10996765179103048
12 0.12 0.1199580040142654
13 0.13 0.1299466068864339
14 0.14 0.13993331475704648
15 0.15 0.14991798200651169
16 0.16 0.15990046304851102
17 0.17 0.16988061233237264
18 0.18 0.17985828434544526
19 0.19 0.18983333361547122
20 0.2 0.19980561471295857
21 0.21 0.2097749822535533
22 0.22 0.21974129090041034
23 0.23 0.22970439536656403
24 0.24 0.2396641504172977
25 0.25 0.2496204108725131
26 0.26 0.2595730316090983
27 0.27 0.26952186756329477
28 0.28 0.27946677373306444
29 0.29 0.28940760518045505
30 0.3 0.2993442170339646
31 0.31 0.3092764644909053
32 0.32 0.31920420281976625
33 0.33 0.329127287362575
34 0.34 0.3390455735372579
35 0.35000000000000003 0.3489589168400002
36 0.36 0.3588671728476035
37 0.37 0.36877019721984405
38 0.38 0.37866784570182754
39 0.39 0.38855997412634447
40 0.4 0.39844643841622324
41 0.41000000000000003 0.40832709458668265
42 0.42 0.41820179874768226
43 0.43 0.428070407106272
44 0.44 0.43793277596894015
45 0.45 0.44778876174395965
46 0.46 0.45763822094373335
47 0.47000000000000003 0.46748101018713734
48 0.48 0.477316986201863
49 0.49 0.48714600582675793
50 0.5 0.4969679260141631
51 0.51 0.5067826038322522
52 0.52 0.5165898964673651
53 0.53 0.5263896612263425
54 0.54 0.5361817555388576
55 0.55 0.5459660369597468
56 0.56 0.5557423631713367
57 0.5700000000000001 0.5655105919857727
58 0.58 0.5752705813473409
59 0.59 0.585022189334793
60 0.6 0.5947652741636661
61 0.61 0.6044996941886008
62 0.62 0.6142253079056594
63 0.63 0.6239419739546391
64 0.64 0.6336495511213851
65 0.65 0.6433478983401005
66 0.66 0.653036874695656
67 0.67 0.6627163394258939
68 0.68 0.6723861519239329
69 0.6900000000000001 0.6820461717404707
70 0.7000000000000001 0.6916962585860807
71 0.71 0.7013362723335114
72 0.72 0.7109660730199797
73 0.73 0.7205855208494633
74 0.74 0.7301944761949902
75 0.75 0.7397927996009261
76 0.76 0.7493803517852605
77 0.77 0.7589569936418862
78 0.78 0.7685225862428813
79 0.79 0.7780769908407854
80 0.8 0.7876200688708743
81 0.81 0.7971516819534312
82 0.8200000000000001 0.8066716918960173
83 0.8300000000000001 0.8161799606957362
84 0.84 0.8256763505414988
85 0.85 0.8351607238162845
86 0.86 0.8446329430993976
87 0.87 0.8540928711687239
88 0.88 0.863540371002983
89 0.89 0.8729753057839761
90 0.9 0.8823975388988339
91 0.91 0.8918069339422597
92 0.92 0.9012033547187696
93 0.93 0.9105866652449295
94 0.9400000000000001 0.9199567297515899
95 0.9500000000000001 0.9293134126861168
96 0.96 0.9386565787146196
97 0.97 0.9479860927241759
98 0.98 0.9573018198250535
99 0.99 0.966603625352928
100 1.0 0.975891374871098
101 1.01 0.9851649341726978
102 1.02 0.9944241692829041
103 1.03 1.0036689464611435
104 1.04 1.0128991322032912
105 1.05 1.0221145932438707
106 1.06 1.0313151965582499
107 1.07 1.0405008093648285
108 1.08 1.0496712991272303
109 1.09 1.0588265335564835
110 1.1 1.0679663806132038
111 1.11 1.0770907085097692
112 1.12 1.086199385712495
113 1.1300000000000001 1.0952922809438028
114 1.1400000000000001 1.1043692631843853
115 1.1500000000000001 1.11343020167537
116 1.16 1.1224749659204765
117 1.17 1.1315034256881713
118 1.18 1.140515451013818
119 1.19 1.1495109122018243
120 1.2 1.1584896798277853
121 1.21 1.1674516247406217
122 1.22 1.1763966180647154
123 1.23 1.1853245312020397
124 1.24 1.1942352358342867
125 1.25 1.2031286039249902
126 1.26 1.2120045077216437
127 1.27 1.2208628197578162
128 1.28 1.229703412855262
129 1.29 1.2385261601260267
130 1.3 1.24733093497455
131 1.31 1.2561176110997627
132 1.32 1.2648860624971818
133 1.33 1.2736361634609974
134 1.34 1.2823677885861597
135 1.35 1.2910808127704587
136 1.36 1.2997751112166003
137 1.37 1.3084505594342783
138 1.3800000000000001 1.3171070332422412
139 1.3900000000000001 1.3257444087703563
140 1.4000000000000001 1.3343625624616666
141 1.41 1.3429613710744441
142 1.42 1.3515407116842426
143 1.43 1.3601004616859365
144 1.44 1.3686404987957665
145 1.45 1.37716070105337
146 1.46 1.3856609468238164
147 1.47 1.3941411147996285
148 1.48 1.4026010840028074
149 1.49 1.411040733786846
150 1.5 1.4194599438387432
151 1.51 1.4278585941810076
152 1.52 1.4362365651736622
153 1.53 1.44459373751624
154 1.54 1.452929992249777
155 1.55 1.461245210758797
156 1.56 1.4695392747732967
157 1.57 1.4778120663707217
158 1.58 1.4860634679779383
159 1.59 1.4942933623732
160 1.6 1.5025016326881109
161 1.61 1.510688162409582
162 1.62 1.5188528353817832
163 1.6300000000000001 1.5269955358080893
164 1.6400000000000001 1.5351161482530202
165 1.6500000000000001 1.5432145576441811
166 1.6600000000000001 1.551290649274188
167 1.67 1.5593443088025982
168 1.68 1.5673754222578267
169 1.69 1.5753838760390646
170 1.7 1.583369556918185
171 1.71 1.5913323520416511
172 1.72 1.5992721489324118
173 1.73 1.6071888354917974
174 1.74 1.6150823000014047
175 1.75 1.6229524311249839
176 1.76 1.6307991179103103
177 1.77 1.6386222497910587
178 1.78 1.646421716588669
179 1.79 1.6541974085142057
180 1.8 1.6619492161702123
181 1.81 1.669677030552561
182 1.82 1.6773807430522947
183 1.83 1.6850602454574657
184 1.84 1.692715429954966
185 1.85 1.7003461891323555
186 1.86 1.70795241597968
187 1.87 1.715534003891287
188 1.8800000000000001 1.7230908466676331
189 1.8900000000000001 1.7306228385170879
190 1.9000000000000001 1.7381298740577311
191 1.9100000000000001 1.745611848319141
192 1.92 1.7530686567441824
193 1.93 1.760500195190784
194 1.94 1.7679063599337124
195 1.95 1.7752870476663378
196 1.96 1.7826421555023961
197 1.97 1.7899715809777437
198 1.98 1.797275222052106
199 1.99 1.8045529771108204
200 2.0 1.8118047449665728
201 2.0100000000000002 1.8190304248611293
202 2.02 1.8262299164670575
203 2.0300000000000002 1.833403119889448
204 2.04 1.8405499356676234
205 2.05 1.8476702647768461
206 2.06 1.8547640086300181
207 2.07 1.8618310690793693
208 2.08 1.868871348418151
209 2.09 1.8758847493823114
210 2.1 1.882871175152171
211 2.11 1.889830529354091
212 2.12 1.8967627160621328
213 2.13 1.903667639799715
214 2.14 1.9105452055412602
215 2.15 1.917395318713837
216 2.16 1.9242178851987957
217 2.17 1.9310128113333962
218 2.18 1.9377800039124322
219 2.19 1.9445193701898442
220 2.2 1.95123081788033
221 2.21 1.9579142551609487
222 2.22 1.9645695906727128
223 2.23 1.9711967335221818
224 2.24 1.97779559328304
225 2.25 1.9843660799976754
226 2.2600000000000002 1.9909081041787497
227 2.27 1.9974215768107568
228 2.2800000000000002 2.0039064093515813
229 2.29 2.010362513734046
230 2.3000000000000003 2.0167898023674553
231 2.31 2.023188188139127
232 2.32 2.0295575844159255
233 2.33 2.035897905045778
234 2.34 2.042209064359193
235 2.35 2.048490977170766
236 2.36 2.05474355878068
237 2.37 2.0609667249762005
238 2.38 2.0671603920331605
239 2.39 2.073324476717442
240 2.4 2.0794588962864458
241 2.41 2.085563568490561
242 2.42 2.0916384115746225
243 2.43 2.09768334427936
244 2.44 2.1036982858428446
245 2.45 2.1096831560019256
246 2.46 2.115637874993663
247 2.47 2.1215623635567455
248 2.48 2.127456542932911
249 2.49 2.1333203348683547
250 2.5 2.139153661615126
251 2.5100000000000002 2.1449564459325305
252 2.52 2.1507286110885104
253 2.5300000000000002 2.156470080861027
254 2.54 2.1621807795394323
255 2.5500000000000003 2.167860631925838
256 2.56 2.1735095633364656
257 2.57 2.179127499603004
258 2.58 2.1847143670739504
259 2.59 2.190270092615945
260 2.6 2.1957946036151004
261 2.61 2.2012878279783226
262 2.62 2.2067496941346247
263 2.63 2.2121801310364324
264 2.64 2.2175790681608833
265 2.65 2.222946435511119
266 2.66 2.2282821636175654
267 2.67 2.2335861835392143
268 2.68 2.238858426864887
269 2.69 2.244098825714498
270 2.7 2.24930731274031
271 2.71 2.254483821128175
272 2.72 2.259628284598779
273 2.73 2.264740637408867
274 2.74 2.269820814352472
275 2.75 2.274868750762125
276 2.7600000000000002 2.279884382510068
277 2.77 2.284867646009448
278 2.7800000000000002 2.289818478215518
279 2.79 2.2947368166268145
280 2.8000000000000003 2.2996225992863386
281 2.81 2.3044757647827225
282 2.82 2.309296252251395
283 2.83 2.3140840013757353
284 2.84 2.3188389523882122
285 2.85 2.3235610460715326
286 2.86 2.328250223759765
287 2.87 2.332906427339465
288 2.88 2.337529599250789
289 2.89 2.342119682488605
290 2.9 2.346676620603586
291 2.91 2.3512003577033056
292 2.92 2.3556908384533206
293 2.93 2.360148008078246
294 2.94 2.364571812362824
295 2.95 2.368962197652982
296 2.96 2.373319110856886
297 2.97 2.377642499445984
298 2.98 2.3819323114560405
299 2.99 2.3861884954881694
300 3.0 2.3904110007098462
301 3.0100000000000002 2.3945997768559284
302 3.02 2.398754774229652
303 3.0300000000000002 2.4028759437036333
304 3.04 2.4069632367208555
305 3.0500000000000003 2.411016605295643
306 3.06 2.415036002014643
307 3.0700000000000003 2.4190213800377807
308 3.08 2.422972693099221
309 3.09 2.4268898955083116
310 3.1 2.430772942150527
311 3.11 2.4346217884883954
312 3.12 2.4384363905624236
313 3.13 2.442216704992016
314 3.14 2.445962688976374
315 3.15 2.449674300295401
316 3.16 2.453351497310593
317 3.17 2.456994238965917
318 3.18 2.460602484788689
319 3.19 2.4641761948904373
320 3.2 2.467715329967764
321 3.21 2.4712198513031916
322 3.22 2.4746897207660057
323 3.23 2.4781249008130892
324 3.24 2.481525354489745
325 3.25 2.4848910454305164
326 3.2600000000000002 2.488221937859991
327 3.27 2.491517996593604
328 3.2800000000000002 2.494779187038432
329 3.29 2.498005475193971
330 3.3000000000000003 2.5011968276529184
331 3.31 2.504353211601935
332 3.3200000000000003 2.507474594822405
333 3.33 2.51056094569119
334 3.34 2.513612233181366
335 3.35 2.516628426862962
336 3.36 2.519609496903682
337 3.37 2.5225554140696227
338 3.38 2.5254661497259847
339 3.39 2.52834167583777
340 3.4 2.531181964970475
341 3.41 2.533986990290779
342 3.42 2.536756725567208
343 3.43 2.5394911451708158
344 3.44 2.5421902240758314
345 3.45 2.5448539378603154
346 3.46 2.5474822627067986
347 3.47 2.550075175402918
348 3.48 2.5526326533420383
349 3.49 2.5551546745238736
350 3.5 2.5576412175550893
351 3.5100000000000002 2.560092261649907
352 3.52 2.5625077866306922
353 3.5300000000000002 2.5648877729285386
354 3.54 2.5672322015838445
355 3.5500000000000003 2.569541054246873
356 3.56 2.5718143131783164
357 3.5700000000000003 2.5740519612498396
358 3.58 2.5762539819446237
359 3.59 2.5784203593578976
360 3.6 2.5805510781974608
361 3.61 2.5826461237841976
362 3.62 2.5847054820525877
363 3.63 2.5867291395511987
364 3.64 2.5887170834431816
365 3.65 2.5906693015067463
366 3.66 2.592585782135641
367 3.67 2.5944665143396075
368 3.68 2.5963114877448454
369 3.69 2.5981206925944553
370 3.7 2.5998941197488783
371 3.71 2.6016317606863226
372 3.72 2.603333607503194
373 3.73 2.604999652914498
374 3.74 2.606629890254254
375 3.75 2.608224313475885
376 3.7600000000000002 2.6097829171526095
377 3.77 2.6113056964778165
378 3.7800000000000002 2.612792647265441
379 3.79 2.614243765950322
380 3.8000000000000003 2.6156590495885554
381 3.81 2.6170384958578463
382 3.8200000000000003 2.6183821030578374
383 3.83 2.619689870110437
384 3.84 2.620961796560147
385 3.85 2.6221978825743655
386 3.86 2.6233981289436925
387 3.87 2.624562537082222
388 3.88 2.625691109027831
389 3.89 2.626783847442452
390 3.9 2.627840755612346
391 3.91 2.6288618374483566
392 3.92 2.629847097486167
393 3.93 2.6307965408865406
394 3.94 2.6317101734355512
395 3.95 2.6325880015448178
396 3.96 2.633430032251712
397 3.97 2.634236273219574
398 3.98 2.6350067327379088
399 3.99 2.635741419722581
400 4.0 2.6364403437159925
401 4.01 2.637103514887265
402 4.0200000000000005 2.6377309440323993
403 4.03 2.638322642574438
404 4.04 2.6388786225636096
405 4.05 2.639398896677476
406 4.0600000000000005 2.6398834782210567
407 4.07 2.640332381126957
408 4.08 2.640745619955487
409 4.09 2.64112320989476
410 4.1 2.641465166760795
411 4.11 2.6417715069976078
412 4.12 2.642042247677292
413 4.13 2.642277406500088
414 4.14 2.642477001794451
415 4.15 2.6426410525171065
416 4.16 2.6427695782530964
417 4.17 2.642862599215821
418 4.18 2.6429201362470636
419 4.19 2.642942210817022
420 4.2 2.6429288450243114
421 4.21 2.642880061595976
422 4.22 2.642795883887487
423 4.23 2.6426763358827277
424 4.24 2.6425214421939716
425 4.25 2.642331228061862
426 4.26 2.6421057193553668
427 4.2700000000000005 2.6418449425717347
428 4.28 2.6415489248364494
429 4.29 2.6412176939031564
430 4.3 2.6408512781535975
431 4.3100000000000005 2.640449706597537
432 4.32 2.640013008872665
433 4.33 2.6395412152445115
434 4.34 2.6390343566063326
435 4.3500000000000005 2.638492464479008
436 4.36 2.6379155710109132
437 4.37 2.6373037089777958
438 4.38 2.636656911782634
439 4.39 2.635975213455497
440 4.4 2.63525864865338
441 4.41 2.6345072526600593
442 4.42 2.633721061385903
443 4.43 2.6329001113677077
444 4.44 2.6320444397685034
445 4.45 2.631154084377359
446 4.46 2.630229083609181
447 4.47 2.629269476504501
448 4.48 2.6282753027292554
449 4.49 2.6272466025745587
450 4.5 2.626183416956463
451 4.51 2.6250857874157205
452 4.5200000000000005 2.6239537561175217
453 4.53 2.622787365851243
454 4.54 2.6215866600301716
455 4.55 2.620351682691231
456 4.5600000000000005 2.619082478494694
457 4.57 2.6177790927238913
458 4.58 2.6164415712849083
459 4.59 2.615069960706273
460 4.6000000000000005 2.6136643081386413
461 4.61 2.6122246613544715
462 4.62 2.610751068747684
463 4.63 2.6092435793333277
464 4.64 2.6077022427472234
465 4.65 2.6061271092456053
466 4.66 2.604518229704759
467 4.67 2.602875655620642
468 4.68 2.6011994391085076
469 4.69 2.599489632902504
470 4.7 2.5977462903552864
471 4.71 2.5959694654376055
472 4.72 2.5941592127378916
473 4.73 2.5923155874618344
474 4.74 2.5904386454319535
475 4.75 2.588528443087159
476 4.76 2.5865850374823003
477 4.7700000000000005 2.584608486287724
478 4.78 2.5825988477887964
479 4.79 2.5805561808854485
480 4.8 2.578480545091685
481 4.8100000000000005 2.576372000535108
482 4.82 2.5742306079564203
483 4.83 2.572056428708921
484 4.84 2.5698495247580038
485 4.8500000000000005 2.567609958680631
486 4.86 2.565337793664816
487 4.87 2.563033093509085
488 4.88 2.5606959226219446
489 4.89 2.558326346021323
490 4.9 2.5559244293340244
491 4.91 2.5534902387951606
492 4.92 2.55102384124758
493 4.93 2.548525304141288
494 4.94 2.5459946955328636
495 4.95 2.543432084084866
496 4.96 2.5408375390652256
497 4.97 2.538211130346643
498 4.98 2.535552928405968
499 4.99 2.5328630043235774
500 5.0 2.5301414297827374
501 5.01 2.527388277068973
502 5.0200000000000005 2.52460361906941
503 5.03 2.5217875292721312
504 5.04 2.518940081765509
505 5.05 2.5160613512375325
506 5.0600000000000005 2.513151412975137
507 5.07 2.510210342863517
508 5.08 2.507238217385431
509 5.09 2.5042351136205068
510 5.1000000000000005 2.5012011092445356
511 5.11 2.4981362825287508
512 5.12 2.495040712339112
513 5.13 2.4919144781355804
514 5.14 2.48875765997137
515 5.15 2.4855703384922188
516 5.16 2.482352594935626
517 5.17 2.479104511130106
518 5.18 2.4758261694944097
519 5.19 2.472517653036766
520 5.2 2.469179045354088
521 5.21 2.465810430631202
522 5.22 2.462411893640042
523 5.23 2.4589835197388483
524 5.24 2.4555253948713727
525 5.25 2.4520376055660464
526 5.26 2.448520238935166
527 5.2700000000000005 2.444973382674068
528 5.28 2.441397125060284
529 5.29 2.437791554952705
530 5.3 2.4341567617907236
531 5.3100000000000005 2.4304928355933844
532 5.32 2.42679986695851
533 5.33 2.4230779470618407
534 5.34 2.419327167656154
535 5.3500000000000005 2.415547621070369
536 5.36 2.4117394002086665
537 5.37 2.4079025985495903
538 5.38 2.4040373101451307
539 5.39 2.400143629619824
540 5.4 2.3962216521698276
541 5.41 2.3922714735619937
542 5.42 2.388293190132942
543 5.43 2.3842868987881127
544 5.44 2.3802526970008255
545 5.45 2.3761906828113304
546 5.46 2.3721009548258385
547 5.47 2.367983612215565
548 5.48 2.3638387547157524
549 5.49 2.359666482624693
550 5.5 2.355466896802743
551 5.51 2.351240098671335
552 5.5200000000000005 2.3469861902119646
553 5.53 2.3427052739652074
554 5.54 2.3383974530296854
555 5.55 2.3340628310610683
556 5.5600000000000005 2.3297015122710354
557 5.57 2.3253136014262523
558 5.58 2.320899203847329
559 5.59 2.31645842540778
560 5.6000000000000005 2.311991372532977
561 5.61 2.307498152199086
562 5.62 2.3029788719320106
563 5.63 2.298433639806322
564 5.64 2.2938625644441855
565 5.65 2.289265755014272
566 5.66 2.2846433212306883
567 5.67 2.279995373351867
568 5.68 2.275322022179475
569 5.69 2.270623379057307
570 5.7 2.265899555870174
571 5.71 2.2611506650427895
572 5.72 2.256376819538641
573 5.73 2.251578132858863
574 5.74 2.246754719041106
575 5.75 2.241906692658387
576 5.76 2.2370341688179476
577 5.7700000000000005 2.232137263160104
578 5.78 2.227216091857083
579 5.79 2.222270771611864
580 5.8 2.2173014196569962
581 5.8100000000000005 2.2123081537534404
582 5.82 2.207291092189374
583 5.83 2.20225035377901
584 5.84 2.1971860578613978
585 5.8500000000000005 2.192098324299235
586 5.86 2.186987273477653
587 5.87 2.1818530263030187
588 5.88 2.1766957042016974
589 5.89 2.1715154291188625
590 5.9 2.1663123235172455
591 5.91 2.1610865103759096
592 5.92 2.155838113189021
593 5.93 2.1505672559646003
594 5.94 2.145274063223268
595 5.95 2.1399586599970073
596 5.96 2.1346211718278862
597 5.97 2.1292617247668124
598 5.98 2.1238804453722455
599 5.99 2.1184774607089434
600 6.0 2.113052898346665
601 6.01 2.1076068863588926
602 6.0200000000000005 2.1021395533215443
603 6.03 2.0966510283116744
604 6.04 2.091141440906175
605 6.05 2.085610921180474
606 6.0600000000000005 2.080059599707222
607 6.07 2.0744876075549765
608 6.08 2.068895076286884
609 6.09 2.0632821379593542
610 6.1000000000000005 2.057648925120728
611 6.11 2.0519955708099555
612 6.12 2.046322208555229
613 6.13 2.040628972372673
614 6.140000000000001 2.0349159967649664
615 6.15 2.0291834167200076
616 6.16 2.0234313677095477
617 6.17 2.0176599856878283
618 6.18 2.011869407090212
619 6.19 2.0060597688318174
620 6.2 2.0002312083061344
621 6.21 1.9943838633836464
622 6.22 1.9885178724104442
623 6.23 1.9826333742068325
624 6.24 1.9767305080659483
625 6.25 1.970809413752332
626 6.26 1.9648702315005648
627 6.2700000000000005 1.9589131020138195
628 6.28 1.952938166462486
629 6.29 1.9469455664827233
630 6.3 1.94093544417506
631 6.3100000000000005 1.9349079421029538
632 6.32 1.92886320329138
633 6.33 1.9228013712253826
634 6.34 1.9167225898486464
635 6.3500000000000005 1.9106270035620447
636 6.36 1.9045147572222154
637 6.37 1.8983859961400835
638 6.38 1.8922408660794332
639 6.390000000000001 1.886079513255427
640 6.4 1.8799020843331702
641 6.41 1.8737087264262247
642 6.42 1.8674995870951543
643 6.43 1.8612748143460376
644 6.44 1.8550345566290023
645 6.45 1.8487789628367466
646 6.46 1.8425081823030514
647 6.47 1.8362223648012916
648 6.48 1.8299216605429436
649 6.49 1.823606220176094
650 6.5 1.8172761947839469
651 6.51 1.8109317358833117
652 6.5200000000000005 1.8045729954231025
653 6.53 1.798200125782829
654 6.54 1.7918132797710884
655 6.55 1.7854126106240464
656 6.5600000000000005 1.7789982720039141
657 6.57 1.7725704179974358
658 6.58 1.766129203114362
659 6.59 1.7596747822859085
660 6.6000000000000005 1.7532073108632416
661 6.61 1.74672694461594
662 6.62 1.7402338397304407
663 6.63 1.7337281528085215
664 6.640000000000001 1.7272100408657423
665 6.65 1.720679661329898
666 6.66 1.7141371720394858
667 6.67 1.7075827312421241
668 6.68 1.7010164975930193
669 6.69 1.6944386301534013
670 6.7 1.6878492883889598
671 6.71 1.6812486321682831
672 6.72 1.6746368217612844
673 6.73 1.6680140178376428
674 6.74 1.6613803814652242
675 6.75 1.6547360741085129
676 6.76 1.6480812576270205
677 6.7700000000000005 1.6414160942737226
678 6.78 1.6347407466934687
679 6.79 1.6280553779213918
680 6.8 1.6213601513813387
681 6.8100000000000005 1.6146552308842566
682 6.82 1.607940780626624
683 6.83 1.6012169651888382
684 6.84 1.594483949533629
685 6.8500000000000005 1.587741899004456
686 6.86 1.5809909793239179
687 6.87 1.574231356592124
688 6.88 1.567463197285127
689 6.890000000000001 1.56068666825327
690 6.9 1.5539019367196243
691 6.91 1.547109170278338
692 6.92 1.5403085368930505
693 6.93 1.5335002048952635
694 6.94 1.5266843429827262
695 6.95 1.5198611202178203
696 6.96 1.513030706025937
697 6.97 1.5061932701938492
698 6.98 1.499348982868094
699 6.99 1.4924980145533535
700 7.0 1.485640536110811
701 7.01 1.4787767187565333
702 7.0200000000000005 1.471906734059834
703 7.03 1.465030753941651
704 7.04 1.4581489506729
705 7.05 1.4512614968728492
706 7.0600000000000005 1.4443685655074798
707 7.07 1.4374703298878497
708 7.08 1.4305669636684542
709 7.09 1.4236586408455771
710 7.1000000000000005 1.416745535755668
711 7.11 1.4098278230736838
712 7.12 1.4029056778114484
713 7.13 1.395979275316007
714 7.140000000000001 1.3890487912679923
715 7.15 1.3821144016799565
716 7.16 1.3751762828947438
717 7.17 1.3682346115838282
718 7.18 1.361289564745661
719 7.19 1.354341319704048
720 7.2 1.3473900541064499
721 7.21 1.3404359459223798
722 7.22 1.3334791734417148
723 7.23 1.3265199152730656
724 7.24 1.3195583503421116
725 7.25 1.3125946578899388
726 7.26 1.3056290174713947
727 7.2700000000000005 1.2986616089534397
728 7.28 1.2916926125134758
729 7.29 1.2847222086376977
730 7.3 1.2777505781194307
731 7.3100000000000005 1.2707779020574783
732 7.32 1.2638043618544632
733 7.33 1.2568301392151735
734 7.34 1.2498554161448912
735 7.3500000000000005 1.2428803749477542
736 7.36 1.2359051982250708
737 7.37 1.2289300688736908
738 7.38 1.2219551700843319
739 7.390000000000001 1.2149806853399099
740 7.4 1.2080067984139102
741 7.41 1.2010336933686983
742 7.42 1.194061554553885
743 7.43 1.187090566604649
744 7.44 1.1801209144400975
745 7.45 1.1731527832615924
746 7.46 1.1661863585511067
747 7.47 1.1592218260695581
748 7.48 1.1522593718551555
749 7.49 1.1452991822217484
750 7.5 1.1383414437571613
751 7.51 1.1313863433215463
752 7.5200000000000005 1.1244340680457192
753 7.53 1.1174848053295268
754 7.54 1.1105387428401752
755 7.55 1.1035960685105692
756 7.5600000000000005 1.096656970537687
757 7.57 1.0897216373809169
758 7.58 1.082790257760399
759 7.59 1.0758630206553885
760 7.6000000000000005 1.0689401153026008
761 7.61 1.0620217311945677
762 7.62 1.0551080580779857
763 7.63 1.048199285952082
764 7.640000000000001 1.0412956050669582
765 7.65 1.0343972059219553
766 7.66 1.0275042792640097
767 7.67 1.020617016086021
768 7.68 1.0137356076251862
769 7.69 1.0068602453613948
770 7.7 0.999991121015583
771 7.71 0.9931284265480844
772 7.72 0.9862723541570144
773 7.73 0.979423096276621
774 7.74 0.972580845575683
775 7.75 0.9657457949558435
776 7.76 0.9589181375500182
777 7.7700000000000005 0.9520980667207404
778 7.78 0.9452857760585616
779 7.79 0.9384814593804229
780 7.8 0.9316853107280227
781 7.8100000000000005 0.9248975243662105
782 7.82 0.918118294781376
783 7.83 0.9113478166798199
784 7.84 0.904586284986161
785 7.8500000000000005 0.897833894841698
786 7.86 0.891090841602832
787 7.87 0.8843573208394471
788 7.88 0.8776335283333072
789 7.890000000000001 0.8709196600764564
790 7.9 0.8642159122696125
791 7.91 0.8575224813205917
792 7.92 0.8508395638426887
793 7.930000000000001 0.8441673566530987
794 7.94 0.8375060567713302
795 7.95 0.8308558614176231
796 7.96 0.8242169680113385
797 7.97 0.8175895741694106
798 7.98 0.810973877704745
799 7.99 0.8043700766246609
800 8.0 0.797778369129297
801 8.01 0.7911989536100617
802 8.02 0.7846320286480513
803 8.03 0.7780777930124962
804 8.040000000000001 0.7715364456591818
805 8.05 0.7650081857289184
806 8.06 0.758493212545968
807 8.07 0.7519917256164756
808 8.08 0.7455039246269681
809 8.09 0.7390300094427484
810 8.1 0.7325701801064106
811 8.11 0.7261246368362553
812 8.120000000000001 0.7196935800247743
813 8.13 0.7132772102371145
814 8.14 0.7068757282095621
815 8.15 0.7004893348479886
816 8.16 0.6941182312263567
817 8.17 0.6877626185851735
818 8.18 0.6814226983300102
819 8.19 0.6750986720299608
820 8.2 0.6687907414161529
821 8.21 0.6624991083802314
822 8.22 0.656223974972864
823 8.23 0.649965543402244
824 8.24 0.6437240160326212
825 8.25 0.6374995953827618
826 8.26 0.6312924841245131
827 8.27 0.6251028850813007
828 8.28 0.6189310012266596
829 8.290000000000001 0.6127770356827522
830 8.3 0.6066411917189267
831 8.31 0.6005236727502155
832 8.32 0.5944246823359087
833 8.33 0.588344424178084
834 8.34 0.5822831021201651
835 8.35 0.5762409201454552
836 8.36 0.5702180823757281
837 8.370000000000001 0.5642147930697732
838 8.38 0.5582312566219585
839 8.39 0.5522676775608133
840 8.4 0.5463242605475926
841 8.41 0.5404012103748919
842 8.42 0.5344987319651828
843 8.43 0.5286170303694462
844 8.44 0.5227563107657573
845 8.45 0.5169167784578832
846 8.46 0.5110986388738858
847 8.47 0.5053020975647406
848 8.48 0.4995273602029542
849 8.49 0.4937746325811787
850 8.5 0.488044120610855
851 8.51 0.4823360303208091
852 8.52 0.47665056785593407
853 8.53 0.4709879394758012
854 8.540000000000001 0.46534835155332743
855 8.55 0.45973201057341484
856 8.56 0.45413912313161475
857 8.57 0.44856989593279906
858 8.58 0.44302453578981016
859 8.59 0.4375032496221678
860 8.6 0.4320062444547297
861 8.61 0.4265337274163592
862 8.620000000000001 0.421085905738682
863 8.63 0.4156629867547146
864 8.64 0.4102651778976032
865 8.65 0.4048926866993483
866 8.66 0.39954572078947237
867 8.67 0.3942244878937977
868 8.68 0.38892919583313557
869 8.69 0.3836600525220497
870 8.700000000000001 0.37841726596756686
871 8.71 0.373201044267951
872 8.72 0.36801159561144203
873 8.73 0.36284912827502325
874 8.74 0.3577138506231812
875 8.75 0.3526059711066729
876 8.76 0.3475256982613253
877 8.77 0.3424732407067985
878 8.78 0.3374488071453925
879 8.790000000000001 0.33245260636083174
880 8.8 0.32748484721710014
881 8.81 0.32254573865720104
882 8.82 0.31763548970203814
883 8.83 0.3127543094491827
884 8.84 0.3079024070717544
885 8.85 0.3030799918172278
886 8.86 0.29828727300629865
887 8.870000000000001 0.29352446003171906
888 8.88 0.2887917623571816
889 8.89 0.2840893895161507
890 8.9 0.2794175511107895
891 8.91 0.27477645681079466
892 8.92 0.2701663163522987
893 8.93 0.2655873395367756
894 8.94 0.2610397362299537
895 8.950000000000001 0.25652371636069304
896 8.96 0.25203948991992675
897 8.97 0.24758726695960576
898 8.98 0.2431672575915833
899 8.99 0.23877967198659888
900 9.0 0.23442472037319817
901 9.01 0.2301026130367383
902 9.02 0.22581356031827937
903 9.03 0.22155777261361465
904 9.040000000000001 0.2173354603722366
905 9.05 0.2131468340963103
906 9.06 0.20899210433967852
907 9.07 0.20487148170688485
908 9.08 0.20078517685212915
909 9.09 0.19673340047836874
910 9.1 0.19271636333628095
911 9.11 0.1887342762233324
912 9.120000000000001 0.18478734998279478
913 9.13 0.18087579550285682
914 9.14 0.17699982371560452
915 9.15 0.17315964559615082
916 9.16 0.16935547216171543
917 9.17 0.16558751447066555
918 9.18 0.16185598362163844
919 9.19 0.15816109075267448
920 9.200000000000001 0.15450304704025086
921 9.21 0.15088206369851775
922 9.22 0.14729835197831775
923 9.23 0.14375212316637231
924 9.24 0.14024358858444685
925 9.25 0.13677295958849456
926 9.26 0.13334044756777885
927 9.27 0.12994626394413444
928 9.28 0.12659062017106848
929 9.290000000000001 0.12327372773299672
930 9.3 0.11999579814444772
931 9.31 0.11675704294925637
932 9.32 0.1135576737197681
933 9.33 0.11039790205612832
934 9.34 0.10727793958548659
935 9.35 0.10419799796119378
936 9.36 0.1011582888621696
937 9.370000000000001 0.09815902399206777
938 9.38 0.09520041507863297
939 9.39 0.09228267387291922
940 9.4 0.08940601214864685
941 9.41 0.08657064170145645
942 9.42 0.08377677434825159
943 9.43 0.08102462192654158
944 9.44 0.07831439629374515
945 9.450000000000001 0.07564630932654381
946 9.46 0.07302057292023889
947 9.47 0.07043739898813328
948 9.48 0.06789699946090266
949 9.49 0.06539958628593467
950 9.5 0.06294537142681023
951 9.51 0.06053456686261782
952 9.52 0.05816738458744908
953 9.53 0.05584403660978765
954 9.540000000000001 0.05356473495191594
955 9.55 0.05132969164943901
956 9.56 0.04913911875067001
957 9.57 0.046993228316154045
958 9.58 0.044892232418092703
959 9.59 0.04283634313989282
960 9.6 0.04082577257561937
961 9.61 0.03886073282952651
962 9.620000000000001 0.036941436015588636
963 9.63 0.03506809425700297
964 9.64 0.03324091968576326
965 9.65 0.031460124442212134
966 9.66 0.02972592067457569
967 9.67 0.02803852053858691
968 9.68 0.026398136197038014
969 9.69 0.024804979819379014
970 9.700000000000001 0.023259263581362433
971 9.71 0.02176119966461343
972 9.72 0.02031100025632071
973 9.73 0.018908877548813763
974 9.74 0.017555043739282183
975 9.75 0.016249711029399094
976 9.76 0.014993091625022714
977 9.77 0.013785397735865956
978 9.78 0.012626841575222869
979 9.790000000000001 0.011517635359641787
980 9.8 0.010457991308708614
981 9.81 0.009448121644723528
982 9.82 0.008488238592505581
983 9.83 0.007578554379083613
984 9.84 0.006719281233529273
985 9.85 0.005910631386711884
986 9.86 0.005152817071113702
987 9.870000000000001 0.0044460505205989875
988 9.88 0.0037905439702896615
989 9.89 0.0031865096563379325
990 9.9 0.002634159815812609
991 9.91 0.0021337066865640963
992 9.92 0.0016853625070183398
993 9.93 0.0012893395161626131
994 9.94 0.0009458499533607778
995 9.950000000000001 0.0006551060582964396
996 9.96 0.0004173200708628144
997 9.97 0.00023270423112364824
998 9.98 0.00010147077925282133
999 9.99 2.383195545974104e-05
1000 10.0 0.0
1001 10.01 3.011639110456967e-05
1002 10.02 0.00011403955889106361
1003 10.03 0.0002515571714640246
1004 10.040000000000001 0.00044245689695603476
1005 10.05 0.0006865264035625495
1006 10.06 0.0009835533595856523
1007 10.07 0.0013333254334930535
1008 10.08 0.001735630293988419
1009 10.09 0.002190255610094523
1010 10.1 0.0026969890512488956
1011 10.11 0.003255618287411628
1012 10.120000000000001 0.003865930989187341
1013 10.13 0.004527714827954513
1014 10.14 0.005240757476015472
1015 10.15 0.006004846606749754
1016 10.16 0.006819769894784689
1017 10.17 0.00768531501617828
1018 10.18 0.008601269648612167
1019 10.19 0.009567421471596524
1020 10.200000000000001 0.010583558166689629
1021 10.21 0.011649467417726175
1022 10.22 0.01276493691105934
1023 10.23 0.013929754335814436
1024 10.24 0.01514370738415367
1025 10.25 0.016406583751553492
1026 10.26 0.01771817113709292
1027 10.27 0.01907825724375459
1028 10.28 0.02048662977873562
1029 10.290000000000001 0.021943076453771002
1030 10.3 0.023447384985469624
1031 10.31 0.02499934309565907
1032 10.32 0.026598738511744737
1033 10.33 0.028245358967078308
1034 10.34 0.02993899220133636
1035 10.35 0.0316794259609155
1036 10.36 0.0334664479993313
1037 10.370000000000001 0.03529984607763511
1038 10.38 0.03717940796483635
1039 10.39 0.03910492143834081
1040 10.4 0.04107617428439608
1041 10.41 0.04309295429854922
1042 10.42 0.045155049286117084
1043 10.43 0.04726224706266469
1044 10.44 0.049414335454494515
1045 10.450000000000001 0.05161110229915055
1046 10.46 0.053852335445925596
1047 10.47 0.05613782275638874
1048 10.48 0.058467352104913106
1049 10.49 0.060840711379224165
1050 10.5 0.06325768848095041
1051 10.51 0.06571807132618775
1052 10.52 0.06822164784607573
1053 10.53 0.07076820598738179
1054 10.540000000000001 0.0733575337130969
1055 10.55 0.07598941900303975
1056 10.56 0.07866364985447406
1057 10.57 0.08138001428273434
1058 10.58 0.08413830032185911
1059 10.59 0.0869382960252413
1060 10.6 0.08977978946628017
1061 10.61 0.0926625687390486
1062 10.620000000000001 0.09558642195896894
1063 10.63 0.09855113726349791
1064 10.64 0.10155650281282182
1065 10.65 0.10460230679056197
1066 10.66 0.1076883374044892
1067 10.67 0.11081438288724837
1068 10.68 0.1139802314970903
1069 10.69 0.11718567151861736
1070 10.700000000000001 0.12043049126353574
1071 10.71 0.12371447907141508
1072 10.72 0.12703742331046486
1073 10.73 0.13039911237831098
1074 10.74 0.1337993347027874
1075 10.75 0.13723787874273544
1076 10.76 0.1407145329888125
1077 10.77 0.14422908596431025
1078 10.78 0.14778132622597825
1079 10.790000000000001 0.15137104236486498
1080 10.8 0.15499802300715554
1081 10.81 0.15866205681503182
1082 10.82 0.16236293248753092
1083 10.83 0.16610043876141828
1084 10.84 0.16987436441206585
1085 10.85 0.1736844982543424
1086 10.86 0.17753062914350978
1087 10.870000000000001 0.18141254597613096
1088 10.88 0.1853300376909798
1089 10.89 0.18928289326996986
1090 10.9 0.1932709017390825
1091 10.91 0.19729385216930695
1092 10.92 0.20135153367758987
1093 10.93 0.2054437354277905
1094 10.94 0.20957024663164703
1095 10.950000000000001 0.21373085654974752
1096 10.96 0.2179253544925122
1097 10.97 0.2221535298211835
1098 10.98 0.22641517194882238
1099 10.99 0.23071007034131466
1100 11.0 0.2350380145183824
1101 11.01 0.2393987940546079
1102 11.02 0.24379219858046003
1103 11.03 0.2482180177833326
1104 11.040000000000001 0.2526760414085897
1105 11.05 0.257166059260615
1106 11.06 0.261687861203875
1107 11.07 0.26624123716398684
1108 11.08 0.27082597712879014
1109 11.09 0.2754418711494321
1110 11.1 0.2800887093414583
1111 11.11 0.2847662818859072
1112 11.120000000000001 0.28947437903041956
1113 11.13 0.2942127910903442
1114 11.14 0.29898130844986504
1115 11.15 0.303779721563123
1116 11.16 0.30860782095534983
1117 11.17 0.31346539722401084
1118 11.18 0.318352241039952
1119 11.19 0.3232681431485558
1120 11.200000000000001 0.32821289437090223
1121 11.21 0.3331862856049362
1122 11.22 0.338188107826648
1123 11.23 0.3432181520912503
1124 11.24 0.3482762095343718
1125 11.25 0.3533620713732506
1126 11.26 0.3584755289079382
1127 11.27 0.3636163735225084
1128 11.28 0.3687843966862717
1129 11.290000000000001 0.37397938995500307
1130 11.3 0.37920114497216006
1131 11.31 0.3844494534701311
1132 11.32 0.3897241072714677
1133 11.33 0.3950248982901354
1134 11.34 0.4003516185327697
1135 11.35 0.40570406009993326
1136 11.36 0.4110820151873835
1137 11.370000000000001 0.4164852760873478
1138 11.38 0.42191363518979796
1139 11.39 0.42736688498373765
1140 11.4 0.43284481805849306
1141 11.41 0.4383472271050097
1142 11.42 0.44387390491715406
1143 11.43 0.4494246443930204
1144 11.44 0.45499923853624896
1145 11.450000000000001 0.4605974804573435
1146 11.46 0.466219163374994
1147 11.47 0.47186408061741364
1148 11.48 0.47753202562367114
1149 11.49 0.48322279194503426
1150 11.5 0.48893617324631816
1151 11.51 0.494671963307237
1152 11.52 0.5004299560237639
1153 11.53 0.5062099454094939
1154 11.540000000000001 0.5120117255970149
1155 11.55 0.5178350908392763
1156 11.56 0.5236798355109765
1157 11.57 0.5295457541099429
1158 11.58 0.5354326412585222
1159 11.59 0.5413402917049746
1160 11.6 0.5472685003248756
1161 11.61 0.5532170621225192
1162 11.620000000000001 0.5591857722323277
1163 11.63 0.5651744259202647
1164 11.64 0.571182818585258
1165 11.65 0.5772107457606199
1166 11.66 0.5832580031154776
1167 11.67 0.5893243864562067
1168 11.68 0.595409691727868
1169 11.69 0.60151371501565
1170 11.700000000000001 0.6076362525463188
1171 11.71 0.6137771006896635
1172 11.72 0.6199360559599567
1173 11.73 0.6261129150174147
1174 11.74 0.6323074746696593
1175 11.75 0.638519531873189
1176 11.76 0.6447488837348497
1177 11.77 0.6509953275133133
1178 11.78 0.6572586606205588
1179 11.790000000000001 0.6635386806233574
1180 11.8 0.6698351852447593
1181 11.81 0.6761479723655924
1182 11.82 0.682476840025954
1183 11.83 0.6888215864267151
1184 11.84 0.6951820099310237
1185 11.85 0.7015579090658148
1186 11.86 0.7079490825233199
1187 11.870000000000001 0.7143553291625897
1188 11.88 0.7207764480110018
1189 11.89 0.7272122382657965
1190 11.9 0.7336624992955982
1191 11.91 0.7401270306419433
1192 11.92 0.7466056320208179
1193 11.93 0.7530981033241935
1194 11.94 0.759604244621567
1195 11.950000000000001 0.7661238561615056
1196 11.96 0.7726567383731904
1197 11.97 0.7792026918679723
1198 11.98 0.7857615174409198
1199 11.99 0.7923330160723806
1200 12.0 0.7989169889295362
1201 12.01 0.8055132373679679
1202 12.02 0.8121215629332204
1203 12.030000000000001 0.8187417673623714
1204 12.040000000000001 0.825373652585601
1205 12.05 0.8320170207277691
1206 12.06 0.83867167410999
1207 12.07 0.8453374152512114
1208 12.08 0.8520140468697996
1209 12.09 0.8587013718851213
1210 12.1 0.8653991934191326
1211 12.11 0.8721073147979678
1212 12.120000000000001 0.8788255395535378
1213 12.13 0.8855536714251131
1214 12.14 0.8922915143609336
1215 12.15 0.8990388725198035
1216 12.16 0.9057955502726909
1217 12.17 0.912561352204336
1218 12.18 0.9193360831148554
1219 12.19 0.9261195480213527
1220 12.200000000000001 0.9329115521595268
1221 12.21 0.9397119009852875
1222 12.22 0.9465204001763672
1223 12.23 0.9533368556339435
1224 12.24 0.9601610734842518
1225 12.25 0.9669928600802098
1226 12.26 0.9738320220030381
1227 12.27 0.9806783660638876
1228 12.280000000000001 0.987531699305463
1229 12.290000000000001 0.9943918290036489
1230 12.3 1.0012585626691464
1231 12.31 1.008131708049096
1232 12.32 1.0150110731287159
1233 12.33 1.0218964661329348
1234 12.34 1.0287876955280262
1235 12.35 1.0356845700232467
1236 12.36 1.0425868985724758
1237 12.370000000000001 1.049494490375855
1238 12.38 1.0564071548814247
1239 12.39 1.0633247017867742
1240 12.4 1.070246941040681
1241 12.41 1.0771736828447547
1242 12.42 1.0841047376550885
1243 12.43 1.091039916183898
1244 12.44 1.0979790294011744
1245 12.450000000000001 1.1049218885363352
1246 12.46 1.1118683050798663
1247 12.47 1.1188180907849845
1248 12.48 1.1257710576692777
1249 12.49 1.1327270180163653
1250 12.5 1.139685784377549
1251 12.51 1.146647169573463
1252 12.52 1.1536109866957347
1253 12.530000000000001 1.160577049108638
1254 12.540000000000001 1.1675451704507447
1255 12.55 1.1745151646365881
1256 12.56 1.1814868458583139
1257 12.57 1.1884600285873432
1258 12.58 1.195434527576022
1259 12.59 1.202410157859288
1260 12.6 1.209386734756324
1261 12.61 1.2163640738722168
1262 12.620000000000001 1.223341991099618
1263 12.63 1.2303203026203997
1264 12.64 1.2372988249073176
1265 12.65 1.2442773747256695
1266 12.66 1.251255769134953
1267 12.67 1.2582338254905232
1268 12.68 1.2652113614452574
1269 12.69 1.2721881949512097
1270 12.700000000000001 1.2791641442612733
1271 12.71 1.2861390279308327
1272 12.72 1.2931126648194327
1273 12.73 1.3000848740924296
1274 12.74 1.307055475222651
1275 12.75 1.3140242879920563
1276 12.76 1.3209911324933874
1277 12.77 1.3279558291318334
1278 12.780000000000001 1.3349181986266863
1279 12.790000000000001 1.3418780620129849
1280 12.8 1.34883524064319
1281 12.81 1.355789556188824
1282 12.82 1.3627408306421342
1283 12.83 1.3696888863177394
1284 12.84 1.3766335458542849
1285 12.85 1.3835746322160984
1286 12.86 1.3905119686948388
1287 12.870000000000001 1.3974453789111443
1288 12.88 1.4043746868162816
1289 12.89 1.411299716693803
1290 12.9 1.4182202931611823
1291 12.91 1.4251362411714703
1292 12.92 1.432047386014935
1293 12.93 1.4389535533207094
1294 12.94 1.4458545690584295
1295 12.950000000000001 1.4527502595398887
1296 12.96 1.4596404514206602
1297 12.97 1.4665249717017517
1298 12.98 1.4734036477312407
1299 12.99 1.4802763072059058
1300 13.0 1.4871427781728683
1301 13.01 1.4940028890312234
1302 13.02 1.5008564685336716
1303 13.030000000000001 1.5077033457881557
1304 13.040000000000001 1.5145433502594812
1305 13.05 1.5213763117709551
1306 13.06 1.528202060506003
1307 13.07 1.5350204270097998
1308 13.08 1.5418312421908889
1309 13.09 1.5486343373228046
1310 13.1 1.5554295440456964
1311 13.11 1.5622166943679365
1312 13.120000000000001 1.5689956206677456
1313 13.13 1.5757661556947962
1314 13.14 1.5825281325718374
1315 13.15 1.5892813847962952
1316 13.16 1.5960257462418843
1317 13.17 1.6027610511602095
1318 13.18 1.609487134182375
1319 13.19 1.6162038303205828
1320 13.200000000000001 1.6229109749697357
1321 13.21 1.6296084039090242
1322 13.22 1.636295953303533
1323 13.23 1.6429734597058303
1324 13.24 1.6496407600575524
1325 13.25 1.656297691690999
1326 13.26 1.6629440923307122
1327 13.27 1.6695798000950646
1328 13.280000000000001 1.6762046534978376
1329 13.290000000000001 1.6828184914497937
1330 13.3 1.6894211532602625
1331 13.31 1.6960124786387054
1332 13.32 1.7025923076962899
1333 13.33 1.7091604809474497
1334 13.34 1.7157168393114601
1335 13.35 1.722261224113991
1336 13.36 1.7287934770886693
1337 13.370000000000001 1.7353134403786363
1338 13.38 1.741820956538095
1339 13.39 1.7483158685338662
1340 13.4 1.7547980197469364
1341 13.41 1.7612672539739975
1342 13.42 1.7677234154289907
1343 13.43 1.7741663487446468
1344 13.44 1.780595898974015
1345 13.450000000000001 1.7870119115920027
1346 13.46 1.7934142324968982
1347 13.47 1.7998027080118963
1348 13.48 1.8061771848866293
1349 13.49 1.8125375102986732
1350 13.5 1.8188835318550738
1351 13.51 1.8252150975938524
1352 13.52 1.8315320559855204
1353 13.530000000000001 1.8378342559345788
1354 13.540000000000001 1.844121546781023
1355 13.55 1.850393778301842
1356 13.56 1.856650800712515
1357 13.57 1.8628924646684988
1358 13.58 1.8691186212667148
1359 13.59 1.875329122047041
1360 13.6 1.8815238189937833
1361 13.61 1.8877025645371566
1362 13.620000000000001 1.8938652115547592
1363 13.63 1.9000116133730363
1364 13.64 1.9061416237687494
1365 13.65 1.9122550969704413
1366 13.66 1.918351887659885
1367 13.67 1.9244318509735472
1368 13.68 1.9304948425040265
1369 13.69 1.9365407183015095
1370 13.700000000000001 1.9425693348752073
1371 13.71 1.9485805491947896
1372 13.72 1.9545742186918327
1373 13.73 1.9605502012612295
1374 13.74 1.9665083552626286
1375 13.75 1.9724485395218467
1376 13.76 1.9783706133322905
1377 13.77 1.9842744364563718
1378 13.780000000000001 1.9901598691269076
1379 13.790000000000001 1.9960267720485267
1380 13.8 2.0018750063990693
1381 13.81 2.007704433830992
1382 13.82 2.0135149164727375
1383 13.83 2.0193063169301397
1384 13.84 2.025078498287795
1385 13.85 2.0308313241104448
1386 13.86 2.0365646584443415
1387 13.870000000000001 2.0422783658186296
1388 13.88 2.0479723112466868
1389 13.89 2.0536463602275057
1390 13.9 2.059300378747034
1391 13.91 2.064934233279525
1392 13.92 2.070547790788892
1393 13.93 2.0761409187300304
1394 13.94 2.081713485050167
1395 13.950000000000001 2.0872653581901877
1396 13.96 2.0927964070859524
1397 13.97 2.09830650116963
1398 13.98 2.1037955103710053
1399 13.99 2.1092633051187835
1400 14.0 2.1147097563419095
1401 14.01 2.120134735470855
1402 14.02 2.125538114438925
1403 14.030000000000001 2.1309197656835357
1404 14.040000000000001 2.1362795621475072
1405 14.05 2.141617377280341
1406 14.06 2.146933085039496
1407 14.07 2.1522265598916546
1408 14.08 2.157497676813989
1409 14.09 2.162746311295422
1410 14.1 2.16797233933787
1411 14.11 2.1731756374575077
1412 14.120000000000001 2.178356082685996
1413 14.13 2.183513552571722
1414 14.14 2.1886479251810442
1415 14.15 2.1937590790994954
1416 14.16 2.1988468934330245
1417 14.17 2.2039112478092036
1418 14.18 2.2089520223784342
1419 14.19 2.213969097815155
1420 14.200000000000001 2.218962355319045
1421 14.21 2.2239316766162065
1422 14.22 2.2288769439603584
1423 14.23 2.233798040134024
1424 14.24 2.2386948484496876
1425 14.25 2.2435672527509873
1426 14.26 2.248415137413868
1427 14.27 2.2532383873477353
1428 14.280000000000001 2.25803688799662
1429 14.290000000000001 2.2628105253403152
1430 14.3 2.267559185895519
1431 14.31 2.2722827567169763
1432 14.32 2.276981125398603
1433 14.33 2.281654180074607
1434 14.34 2.2863018094206056
1435 14.35 2.29092390265474
1436 14.36 2.295520349538784
1437 14.370000000000001 2.3000910403792307
1438 14.38 2.304635866028395
1439 14.39 2.309154717885504
1440 14.4 2.3136474878977604
1441 14.41 2.3181140685614383
1442 14.42 2.3225543529229387
1443 14.43 2.3269682345798524
1444 14.44 2.331355607682019
1445 14.450000000000001 2.3357163669325764
1446 14.46 2.3400504075890005
1447 14.47 2.3443576254641463
1448 14.48 2.3486379169272746
1449 14.49 2.3528911789050784
1450 14.5 2.3571173088827058
1451 14.51 2.361316204904755
1452 14.52 2.3654877655763014
1453 14.530000000000001 2.3696318900638746
1454 14.540000000000001 2.3737484780964673
1455 14.55 2.377837429966513
1456 14.56 2.3818986465308605
1457 14.57 2.3859320292117543
1458 14.58 2.3899374799977995
1459 14.59 2.3939149014449144
1460 14.6 2.397864196677291
1461 14.61 2.4017852693883324
1462 14.620000000000001 2.4056780238415976
1463 14.63 2.4095423648717325
1464 14.64 2.4133781978853963
1465 14.65 2.4171854288621786
1466 14.66 2.4209639643555123
1467 14.67 2.424713711493579
1468 14.68 2.4284345779802066
1469 14.69 2.4321264720957596
1470 14.700000000000001 2.4357893026980326
1471 14.71 2.439422979223116
1472 14.72 2.4430274116862702
1473 14.73 2.4466025106827978
1474 14.74 2.4501481873888866
1475 14.75 2.4536643535624765
1476 14.76 2.457150921544088
1477 14.77 2.4606078042576676
1478 14.780000000000001 2.464034915211407
1479 14.790000000000001 2.4674321684985787
1480 14.8 2.4707994787983374
1481 14.81 2.4741367613765353
1482 14.82 2.4774439320865245
1483 14.83 2.4807209073699434
1484 14.84 2.483967604257506
1485 14.85 2.4871839403697864
1486 14.86 2.4903698339179847
1487 14.870000000000001 2.493525203704692
1488 14.88 2.4966499691246513
1489 14.89 2.4997440501655035
1490 14.9 2.5028073674085345
1491 14.91 2.505839842029408
1492 14.92 2.508841395798898
1493 14.93 2.511811951083601
1494 14.94 2.514751430846662
1495 14.950000000000001 2.5176597586484686
1496 14.96 2.52053685864736
1497 14.97 2.5233826556003143
1498 14.98 2.526197074863627
1499 14.99 2.528980042393602
1500 15.0 2.531731484747204
1501 15.01 2.5344513290827315
1502 15.02 2.5371395031604704
1503 15.030000000000001 2.5397959353433315
1504 15.040000000000001 2.5424205545975003
1505 15.05 2.5450132904930696
1506 15.06 2.5475740732046477
1507 15.07 2.5501028335119935
1508 15.08 2.552599502800615
1509 15.09 2.555064013062373
1510 15.1 2.557496296896078
1511 15.11 2.559896287508068
1512 15.120000000000001 2.5622639187127954
1513 15.13 2.5645991249333946
1514 15.14 2.5669018412022417
1515 15.15 2.5691720031615164
1516 15.16 2.571409547063742
1517 15.17 2.573614409772331
1518 15.18 2.5757865287621176
1519 15.19 2.5779258421198756
1520 15.200000000000001 2.5800322885448406
1521 15.21 2.582105807349211
1522 15.22 2.5841463384586696
1523 15.23 2.586153822412842
1524 15.24 2.5881282003658184
1525 15.25 2.5900694140866047
1526 15.26 2.591977405959601
1527 15.27 2.5938521189850725
1528 15.280000000000001 2.5956934967795826
1529 15.290000000000001 2.5975014835764574
1530 15.3 2.5992760242262163
1531 15.31 2.601017064196996
1532 15.32 2.6027245495749822
1533 15.33 2.604398427064826
1534 15.34 2.6060386439900336
1535 15.35 2.607645148293372
1536 15.36 2.609217888537283
1537 15.370000000000001 2.6107568139042128
1538 15.38 2.6122618741970394
1539 15.39 2.6137330198394126
1540 15.4 2.6151702018761025
1541 15.41 2.6165733719733737
1542 15.42 2.617942482419311
1543 15.43 2.619277486124161
1544 15.44 2.6205783366206488
1545 15.450000000000001 2.6218449880643027
1546 15.46 2.6230773952337625
1547 15.47 2.624275513531078
1548 15.48 2.625439298982001
1549 15.49 2.626568708236282
1550 15.5 2.6276636985679227
1551 15.51 2.628724227875476
1552 15.52 2.6297502546822784
1553 15.530000000000001 2.630741738136721
1554 15.540000000000001 2.6316986380124723
1555 15.55 2.6326209147087463
1556 15.56 2.633508529250503
1557 15.57 2.63436144328867
1558 15.58 2.6351796191003753
1559 15.59 2.6359630195891137
1560 15.6 2.636711608284978
1561 15.610000000000001 2.6374253493448263
1562 15.620000000000001 2.638104207552458
1563 15.63 2.638748148318796
1564 15.64 2.639357137682034
1565 15.65 2.639931142307807
1566 15.66 2.6404701294893016
1567 15.67 2.6409740671474484
1568 15.68 2.6414429238309935
1569 15.69 2.6418766687166526
1570 15.700000000000001 2.642275271609214
1571 15.71 2.642638702941637
1572 15.72 2.6429669337751545
1573 15.73 2.6432599357993443
1574 15.74 2.643517681332237
1575 15.75 2.6437401433203433
1576 15.76 2.6439272953387585
1577 15.77 2.6440791115911857
1578 15.780000000000001 2.6441955669099944
1579 15.790000000000001 2.644276636756242
1580 15.8 2.6443222972197313
1581 15.81 2.644332525018987
1582 15.82 2.644307297501311
1583 15.83 2.6442465926427516
1584 15.84 2.6441503890481144
1585 15.85 2.644018665950938
1586 15.860000000000001 2.643851403213474
1587 15.870000000000001 2.6436485813266737
1588 15.88 2.643410181410113
1589 15.89 2.6431361852119784
1590 15.9 2.6428265751089812
1591 15.91 2.6424813341063267
1592 15.92 2.642100445837598
1593 15.93 2.6416838945647134
1594 15.94 2.64123166517781
1595 15.950000000000001 2.640743743195154
1596 15.96 2.6402201147630464
1597 15.97 2.6396607666556733
1598 15.98 2.639065686275007
1599 15.99 2.63843486165068
1600 16.0 2.6377682814398113
1601 16.01 2.6370659349268903
1602 16.02 2.6363278120236036
1603 16.03 2.6355539032686632
1604 16.04 2.6347441998276366
1605 16.05 2.6338986934927586
1606 16.06 2.633017376682762
1607 16.07 2.632100242442627
1608 16.080000000000002 2.631147284443422
1609 16.09 2.6301584969820695
1610 16.1 2.6291338749810915
1611 16.11 2.62807341398843
1612 16.12 2.626977110177142
1613 16.13 2.625844960345198
1614 16.14 2.624676961915183
1615 16.15 2.623473112934059
1616 16.16 2.6222334120728696
1617 16.17 2.6209578586264524
1618 16.18 2.619646452513148
1619 16.19 2.618299194274506
1620 16.2 2.616916085074962
1621 16.21 2.615497126701504
1622 16.22 2.614042321563387
1623 16.23 2.6125516726917475
1624 16.240000000000002 2.6110251837392777
1625 16.25 2.609462858979894
1626 16.26 2.607864703308321
1627 16.27 2.606230722239781
1628 16.28 2.604560921909549
1629 16.29 2.602855309072634
1630 16.3 2.601113891103319
1631 16.31 2.599336675994799
1632 16.32 2.597523672358747
1633 16.330000000000002 2.595674889424899
1634 16.34 2.593790337040609
1635 16.35 2.5918700256704277
1636 16.36 2.5899139663956454
1637 16.37 2.5879221709138402
1638 16.38 2.585894651538398
1639 16.39 2.5838314211980666
1640 16.4 2.5817324934364407
1641 16.41 2.5795978824114947
1642 16.42 2.5774276028950798
1643 16.43 2.5752216702724127
1644 16.44 2.572980100541553
1645 16.45 2.5707029103128907
1646 16.46 2.56839011680861
1647 16.47 2.566041737862145
1648 16.48 2.5636577919176293
1649 16.490000000000002 2.5612382980293393
1650 16.5 2.558783275861126
1651 16.51 2.55629274568585
1652 16.52 2.5537667283847814
1653 16.53 2.5512052454470133
1654 16.54 2.5486083189688618
1655 16.55 2.5459759716532613
1656 16.56 2.5433082268091525
1657 16.57 2.540605108350835
1658 16.580000000000002 2.537866640797347
1659 16.59 2.535092849271823
1660 16.6 2.5322837595008423
1661 16.61 2.5294393978137713
1662 16.62 2.5265597911420894
1663 16.63 2.5236449670187096
1664 16.64 2.5206949535773067
1665 16.65 2.5177097795516197
1666 16.66 2.5146894742747357
1667 16.67 2.511634067678406
1668 16.68 2.508543590292307
1669 16.69 2.5054180732433267
1670 16.7 2.5022575482548177
1671 16.71 2.499062047645859
1672 16.72 2.4958316043305206
1673 16.73 2.4925662518170704
1674 16.740000000000002 2.489266024207236
1675 16.75 2.4859309561954106
1676 16.76 2.4825610830678784
1677 16.77 2.479156440702024
1678 16.78 2.475717065565515
1679 16.79 2.472242994715506
1680 16.8 2.4687342657978206
1681 16.81 2.46519091704611
1682 16.82 2.4616129872810486
1683 16.830000000000002 2.4580005159094593
1684 16.84 2.4543535429234957
1685 16.85 2.4506721088997363
1686 16.86 2.4469562549983657
1687 16.87 2.4432060229622774
1688 16.88 2.4394214551161895
1689 16.89 2.435602594365742
1690 16.9 2.4317494841966383
1691 16.91 2.4278621686736894
1692 16.92 2.4239406924399205
1693 16.93 2.4199851007156514
1694 16.94 2.415995439297543
1695 16.95 2.411971754557685
1696 16.96 2.4079140934426224
1697 16.97 2.403822503472405
1698 16.98 2.3996970327396454
1699 16.990000000000002 2.3955377299085026
1700 17.0 2.3913446442137474
1701 17.01 2.3871178254597414
1702 17.02 2.382857324019451
1703 17.03 2.3785631908334253
1704 17.04 2.374235477408842
1705 17.05 2.369874235818397
1706 17.06 2.3654795186993525
1707 17.07 2.3610513792524532
1708 17.080000000000002 2.356589871240903
1709 17.09 2.3520950489893178
1710 17.1 2.3475669673826296
1711 17.11 2.3430056818650655
1712 17.12 2.3384112484390265
1713 17.13 2.333783723664048
1714 17.14 2.3291231646556607
1715 17.150000000000002 2.324429629084319
1716 17.16 2.319703175174304
1717 17.17 2.3149438617025595
1718 17.18 2.3101517479976152
1719 17.19 2.305326893938446
1720 17.2 2.3004693599533113
1721 17.21 2.2955792070186263
1722 17.22 2.2906564966578102
1723 17.23 2.2857012909400964
1724 17.240000000000002 2.2807136524794007
1725 17.25 2.27569364443311
1726 17.26 2.270641330500922
1727 17.27 2.265556774923624
1728 17.28 2.2604400424819335
1729 17.29 2.255291198495218
1730 17.3 2.2501103088203696
1731 17.31 2.2448974398505026
1732 17.32 2.2396526585137746
1733 17.330000000000002 2.234376032272108
1734 17.34 2.229067629119985
1735 17.35 2.223727517583125
1736 17.36 2.218355766717309
1737 17.37 2.2129524461070513
1738 17.38 2.2075176258643303
1739 17.39 2.2020513766273133
1740 17.400000000000002 2.1965537695590793
1741 17.41 2.1910248763462814
1742 17.42 2.1854647691978606
1743 17.43 2.179873520843758
1744 17.44 2.174251204533517
1745 17.45 2.168597894035045
1746 17.46 2.16291366363323
1747 17.47 2.157198588128562
1748 17.48 2.151452742835854
1749 17.490000000000002 2.1456762035828625
1750 17.5 2.139869046708874
1751 17.51 2.1340313490633562
1752 17.52 2.1281631880046348
1753 17.53 2.1222646413984236
1754 17.54 2.116335787616464
1755 17.55 2.1103767055351135
1756 17.56 2.104387474533972
1757 17.57 2.0983681744943965
1758 17.580000000000002 2.0923188857981536
1759 17.59 2.0862396893259216
1760 17.6 2.080130666455922
1761 17.61 2.0739918990623742
1762 17.62 2.0678234695141526
1763 17.63 2.0616254606732625
1764 17.64 2.055397955893362
1765 17.650000000000002 2.049141039018366
1766 17.66 2.042854794380858
1767 17.67 2.0365393068007016
1768 17.68 2.030194661583476
1769 17.69 2.0238209445190023
1770 17.7 2.0174182418798488
1771 17.71 2.0109866404197803
1772 17.72 2.004526227372274
1773 17.73 1.9980370904489462
1774 17.740000000000002 1.9915193178380584
1775 17.75 1.98497299820297
1776 17.76 1.9783982206805462
1777 17.77 1.9717950748796405
1778 17.78 1.9651636508795391
1779 17.79 1.9585040392283517
1780 17.8 1.9518163309414724
1781 17.81 1.945100617499957
1782 17.82 1.9383569908489768
1783 17.830000000000002 1.93158554339621
1784 17.84 1.9247863680101993
1785 17.85 1.91795955801879
1786 17.86 1.9111052072075054
1787 17.87 1.904223409817881
1788 17.88 1.8973142605458868
1789 17.89 1.89037785454029
1790 17.900000000000002 1.8834142874009672
1791 17.91 1.8764236551772733
1792 17.92 1.8694060543664257
1793 17.93 1.8623615819117774
1794 17.94 1.8552903352012144
1795 17.95 1.848192412065405
1796 17.96 1.8410679107762
1797 17.97 1.8339169300448894
1798 17.98 1.8267395690205284
1799 17.990000000000002 1.819535927288225
1800 18.0 1.8123061048674352
1801 18.01 1.805050202210289
1802 18.02 1.7977683201998111
1803 18.03 1.790460560148233
1804 18.04 1.7831270237952417
1805 18.05 1.7757678133062598
1806 18.06 1.768383031270723
1807 18.07 1.7609727807002358
1808 18.080000000000002 1.7535371650269411
1809 18.09 1.7460762881016727
1810 18.1 1.7385902541922214
1811 18.11 1.731079167981541
1812 18.12 1.7235431345659968
1813 18.13 1.7159822594535505
1814 18.14 1.7083966485619726
1815 18.150000000000002 1.7007864082170876
1816 18.16 1.6931516451508912
1817 18.17 1.68549246649982
1818 18.18 1.6778089798028795
1819 18.19 1.6701012929998562
1820 18.2 1.6623695144294643
1821 18.21 1.6546137528275544
1822 18.22 1.6468341173252306
1823 18.23 1.6390307174470067
1824 18.240000000000002 1.6312036631090088
1825 18.25 1.6233530646170813
1826 18.26 1.61547903266489
1827 18.27 1.6075816783321457
1828 18.28 1.5996611130826395
1829 18.29 1.5917174487624415
1830 18.3 1.5837507975979364
1831 18.31 1.5757612721940468
1832 18.32 1.5677489855322122
1833 18.330000000000002 1.5597140509685836
1834 18.34 1.55165658223207
1835 18.35 1.5435766934224624
1836 18.36 1.5354744990084654
1837 18.37 1.5273501138258219
1838 18.38 1.5192036530754116
1839 18.39 1.5110352323212162
1840 18.400000000000002 1.5028449674884818
1841 18.41 1.4946329748617657
1842 18.42 1.486399371082907
1843 18.43 1.4781442731491943
1844 18.44 1.4698677984112933
1845 18.45 1.4615700645713794
1846 18.46 1.4532511896810938
1847 18.47 1.444911292139615
1848 18.48 1.4365504906916797
1849 18.490000000000002 1.4281689044255863
1850 18.5 1.4197666527711945
1851 18.51 1.4113438554979645
1852 18.52 1.4029006327129458
1853 18.53 1.3944371048587492
1854 18.54 1.3859533927115848
1855 18.55 1.377449617379213
1856 18.56 1.3689259002989473
1857 18.57 1.3603823632356118
1858 18.580000000000002 1.3518191282795584
1859 18.59 1.343236317844564
1860 18.6 1.3346340546658553
1861 18.61 1.3260124617980757
1862 18.62 1.3173716626131693
1863 18.63 1.308711780798376
1864 18.64 1.300032940354214
1865 18.650000000000002 1.2913352655923518
1866 18.66 1.2826188811335584
1867 18.67 1.2738839119057026
1868 18.68 1.2651304831415828
1869 18.69 1.2563587203769089
1870 18.7 1.2475687494482095
1871 18.71 1.2387606964907576
1872 18.72 1.2299346879364599
1873 18.73 1.2210908505117501
1874 18.740000000000002 1.2122293112355322
1875 18.75 1.2033501974170662
1876 18.76 1.1944536366538223
1877 18.77 1.185539756829428
1878 18.78 1.1766086861114857
1879 18.79 1.1676605529495312
1880 18.8 1.1586954860728405
1881 18.81 1.1497136144883449
1882 18.82 1.140715067478478
1883 18.830000000000002 1.131699974599055
1884 18.84 1.1226684656771297
1885 18.85 1.113620670808821
1886 18.86 1.1045567203572162
1887 18.87 1.0954767449501936
1888 18.88 1.0863808754782625
1889 18.89 1.077269243092406
1890 18.900000000000002 1.0681419792019184
1891 18.91 1.0589992154722623
1892 18.92 1.0498410838228622
1893 18.93 1.0406677164249523
1894 18.94 1.0314792456993942
1895 18.95 1.0222758043144928
1896 18.96 1.013057525183818
1897 18.97 1.0038245414640024
1898 18.98 0.9945769865525662
1899 18.990000000000002 0.9853149940857229
1900 19.0 0.9760386979361506
1901 19.01 0.9667482322108363
1902 19.02 0.9574437312488229
1903 19.03 0.9481253296190673
1904 19.04 0.9387931621180883
1905 19.05 0.929447363767963
1906 19.06 0.9200880698139144
1907 19.07 0.9107154157221835
1908 19.080000000000002 0.9013295371777801
1909 19.09 0.891930570082291
1910 19.1 0.8825186505515887
1911 19.11 0.8730939149136319
1912 19.12 0.8636564997062166
1913 19.13 0.8542065416747278
1914 19.14 0.8447441777699751
1915 19.150000000000002 0.8352695451457492
1916 19.16 0.8257827811568461
1917 19.17 0.816284023356566
1918 19.18 0.8067734094945891
1919 19.19 0.7972510775147299
1920 19.2 0.7877171655525501
1921 19.21 0.7781718119332481
1922 19.22 0.7686151551693001
1923 19.23 0.7590473339582147
1924 19.240000000000002 0.7494684871802448
1925 19.25 0.7398787538961571
1926 19.26 0.7302782733448794
1927 19.27 0.7206671849413198
1928 19.28 0.7110456282739577
1929 19.29 0.7014137431027407
1930 19.3 0.6917716693565339
1931 19.31 0.6821195471311228
1932 19.32 0.6724575166866913
1933 19.330000000000002 0.6627857184456545
1934 19.34 0.6531042929903066
1935 19.35 0.6434133810605687
1936 19.36 0.6337131235515798
1937 19.37 0.6240036615115372
1938 19.38 0.6142851361393085
1939 19.39 0.6045576887821085
1940 19.400000000000002 0.5948214609332325
1941 19.41 0.5850765942297258
1942 19.42 0.5753232304500386
1943 19.43 0.5655615115117811
1944 19.44 0.5557915794693571
1945 19.45 0.546013576511605
1946 19.46 0.5362276449595598
1947 19.47 0.5264339272640584
1948 19.48 0.5166325660034587
1949 19.490000000000002 0.5068237038813095
1950 19.5 0.4970074837239338
1951 19.51 0.48718404847823393
1952 19.52 0.4773535412092542
1953 19.53 0.46751610509787866
1954 19.54 0.45767188343853604
1955 19.55 0.4478210196367698
1956 19.56 0.4379636572069785
1957 19.57 0.42809993976999294
1958 19.580000000000002 0.4182300110508308
1959 19.59 0.4083540148763021
1960 19.6 0.39847209517264304
1961 19.61 0.3885843959631785
1962 19.62 0.3786910613660055
1963 19.63 0.3687922355915987
1964 19.64 0.3588880629404585
1965 19.650000000000002 0.3489786878008232
1966 19.66 0.3390642546462246
1967 19.67 0.3291449080332143
1968 19.68 0.31922079259891945
1969 19.69 0.30929205305874774
1970 19.7 0.2993588342040212
1971 19.71 0.28942128089958885
1972 19.72 0.27947953808150316
1973 19.73 0.2695337507545901
1974 19.740000000000002 0.2595840639901894
1975 19.75 0.2496306229236751
1976 19.76 0.23967357275216727
1977 19.77 0.22971305873212344
1978 19.78 0.2197492261770435
1979 19.79 0.20978222045497574
1980 19.8 0.19981218698627856
1981 19.81 0.18983927124116207
1982 19.82 0.17986361873733614
1983 19.830000000000002 0.16988537503768697
1984 19.84 0.1599046857478328
1985 19.85 0.1499216965138146
1986 19.86 0.13993655301965902
1987 19.87 0.12994940098507612
1988 19.88 0.1199603861630365
1989 19.89 0.10996965433739803
1990 19.900000000000002 0.09997735132056107
1991 19.91 0.08998362295105977
1992 19.92 0.07998861509122435
1993 19.93 0.06999247362474392
1994 19.94 0.059995344454335964
1995 19.95 0.04999737349940858
1996 19.96 0.03999870669357364
1997 19.97 0.02999948998233748
1998 19.98 0.019999869320770358
1999 19.990000000000002 0.009999990671012426
2000 20.0 0.0