n s W(s)
0 0.0 0.0
1 0.01 0.009999983550187469
2 0.02 0.01999986840169458
3 0.03 0.029999555856815147
4 0.04 0.03999894721979131
5 0.05 0.04999794379778764
6 0.06 0.0599964469018653
7 0.07 0.06999435784795612
8 0.08 0.07999157795783648
9 0.09 0.08998800856010153
10 0.1 0.09998355099113883
11 0.11 0.10997810659610231
12 0.12 0.11997157672988597
13 0.13 0.12996386275809754
14 0.14 0.139954866058032
15 0.15 0.14994448801964486
16 0.16 0.1599326300465258
17 0.17 0.16991919355687135
18 0.18 0.17990407998445843
19 0.19 0.1898871907796167
20 0.2 0.1998684274102015
21 0.21 0.2098476913625666
22 0.22 0.219824884142536
23 0.23 0.2297999072763766
24 0.24 0.2397726623117698
25 0.25 0.24974305081878342
26 0.26 0.2597109743908432
27 0.27 0.2696763346457038
28 0.28 0.27963903322642036
29 0.29 0.2895989718023187
30 0.3 0.29955605206996666
31 0.31 0.30951017575414336
32 0.32 0.31946124460881
33 0.33 0.3294091604180789
34 0.34 0.33935382499718386
35 0.35000000000000003 0.34929514019344804
36 0.36 0.35923300788725354
37 0.37 0.3691673299930099
38 0.38 0.37909800846012165
39 0.39 0.3890249452739564
40 0.4 0.39894804245681276
41 0.41000000000000003 0.4088672020688861
42 0.42 0.4187823262092366
43 0.43 0.42869331701675456
44 0.44 0.43860007667112716
45 0.45 0.4485025073938029
46 0.46 0.4584005114489578
47 0.47000000000000003 0.4682939911444593
48 0.48 0.47818284883283063
49 0.49 0.4880669869122147
50 0.5 0.49794630782733773
51 0.51 0.5078207140704714
52 0.52 0.5176901081823962
53 0.53 0.5275543927533625
54 0.54 0.5374134704240523
55 0.55 0.5472672438865405
56 0.56 0.5571156158852548
57 0.5700000000000001 0.566958489217936
58 0.58 0.5767957667365976
59 0.59 0.5866273513484839
60 0.6 0.5964531460170288
61 0.61 0.6062730537628137
62 0.62 0.6160869776645247
63 0.63 0.6258948208599086
64 0.64 0.6356964865467295
65 0.65 0.6454918779837244
66 0.66 0.6552808984915577
67 0.67 0.6650634514537752
68 0.68 0.6748394403177582
69 0.6900000000000001 0.6846087685956767
70 0.7000000000000001 0.6943713398654408
71 0.71 0.7041270577716529
72 0.72 0.7138758260265597
73 0.73 0.7236175484110006
74 0.74 0.733352128775359
75 0.75 0.7430794710405105
76 0.76 0.7527994791987721
77 0.77 0.7625120573148481
78 0.78 0.7722171095267789
79 0.79 0.7819145400468863
80 0.8 0.7916042531627187
81 0.81 0.8012861532379957
82 0.8200000000000001 0.8109601447135535
83 0.8300000000000001 0.8206261321082864
84 0.84 0.830284020020089
85 0.85 0.8399337131267998
86 0.86 0.8495751161871404
87 0.87 0.859208134041656
88 0.88 0.8688326716136548
89 0.89 0.8784486339101458
90 0.9 0.8880559260227776
91 0.91 0.8976544531287737
92 0.92 0.9072441204918693
93 0.93 0.9168248334632463
94 0.9400000000000001 0.9263964974824673
95 0.9500000000000001 0.9359590180784091
96 0.96 0.9455123008701949
97 0.97 0.9550562515681259
98 0.98 0.9645907759746123
99 0.99 0.9741157799851025
100 1.0 0.9836311695890124
101 1.01 0.9931368508706525
102 1.02 1.0026327300101565
103 1.03 1.0121187132844054
104 1.04 1.0215947070679532
105 1.05 1.0310606178339525
106 1.06 1.0405163521550753
107 1.07 1.0499618167044364
108 1.08 1.0593969182565135
109 1.09 1.0688215636880698
110 1.1 1.0782356599790706
111 1.11 1.087639114213602
112 1.12 1.0970318335807885
113 1.1300000000000001 1.1064137253757096
114 1.1400000000000001 1.1157846970003127
115 1.1500000000000001 1.1251446559643297
116 1.16 1.1344935098861877
117 1.17 1.143831166493923
118 1.18 1.1531575336260889
119 1.19 1.1624725192326677
120 1.2 1.171776031375979
121 1.21 1.1810679782315863
122 1.22 1.1903482680892037
123 1.23 1.1996168093536006
124 1.24 1.2088735105455073
125 1.25 1.2181182803025163
126 1.26 1.2273510273799841
127 1.27 1.2365716606519332
128 1.28 1.2457800891119506
129 1.29 1.2549762218740854
130 1.3 1.2641599681737465
131 1.31 1.2733312373685999
132 1.32 1.2824899389394593
133 1.33 1.2916359824911856
134 1.34 1.3007692777535727
135 1.35 1.3098897345822433
136 1.36 1.318997262959535
137 1.37 1.3280917729953934
138 1.3800000000000001 1.337173174928254
139 1.3900000000000001 1.3462413791259313
140 1.4000000000000001 1.3552962960865034
141 1.41 1.3643378364391945
142 1.42 1.3733659109452572
143 1.43 1.3823804304988536
144 1.44 1.3913813061279352
145 1.45 1.4003684489951194
146 1.46 1.4093417703985682
147 1.47 1.4183011817728621
148 1.48 1.427246594689877
149 1.49 1.4361779208596521
150 1.5 1.4450950721312668
151 1.51 1.4539979604937077
152 1.52 1.4628864980767373
153 1.53 1.471760597151762
154 1.54 1.4806201701326978
155 1.55 1.4894651295768355
156 1.56 1.4982953881857026
157 1.57 1.5071108588059248
158 1.58 1.5159114544300876
159 1.59 1.5246970881975945
160 1.6 1.533467673395524
161 1.61 1.5422231234594845
162 1.62 1.5509633519744717
163 1.6300000000000001 1.5596882726757184
164 1.6400000000000001 1.5683977994495475
165 1.6500000000000001 1.5770918463342223
166 1.6600000000000001 1.5857703275207924
167 1.67 1.5944331573539439
168 1.68 1.6030802503328452
169 1.69 1.6117115211119852
170 1.7 1.6203268845020231
171 1.71 1.6289262554706243
172 1.72 1.6375095491433014
173 1.73 1.6460766808042506
174 1.74 1.6546275658971916
175 1.75 1.6631621200261968
176 1.76 1.6716802589565285
177 1.77 1.6801818986154682
178 1.78 1.688666955093148
179 1.79 1.6971353446433761
180 1.8 1.705586983684467
181 1.81 1.714021788800064
182 1.82 1.7224396767399623
183 1.83 1.7308405644209315
184 1.84 1.7392243689275375
185 1.85 1.7475910075129575
186 1.86 1.7559403975997978
187 1.87 1.7642724567809114
188 1.8800000000000001 1.772587102820207
189 1.8900000000000001 1.7808842536534635
190 1.9000000000000001 1.7891638273891415
191 1.9100000000000001 1.7974257423091866
192 1.92 1.8056699168698411
193 1.93 1.8138962697024452
194 1.94 1.8221047196142421
195 1.95 1.8302951855891798
196 1.96 1.8384675867887081
197 1.97 1.8466218425525802
198 1.98 1.8547578723996436
199 1.99 1.8628755960286418
200 2.0 1.8709749333189996
201 2.0100000000000002 1.8790558043316186
202 2.02 1.8871181293096637
203 2.0300000000000002 1.8951618286793523
204 2.04 1.9031868230507387
205 2.05 1.9111930332184959
206 2.06 1.9191803801627019
207 2.07 1.9271487850496145
208 2.08 1.9350981692324534
209 2.09 1.9430284542521739
210 2.1 1.9509395618382424
211 2.11 1.9588314139094087
212 2.12 1.9667039325744786
213 2.13 1.974557040133077
214 2.14 1.9823906590764233
215 2.15 1.990204712088088
216 2.16 1.9979991220447613
217 2.17 2.0057738120170128
218 2.18 2.0135287052700503
219 2.19 2.021263725264478
220 2.2 2.0289787956570504
221 2.21 2.036673840301428
222 2.22 2.0443487832489273
223 2.23 2.052003548749271
224 2.24 2.0596380612513365
225 2.25 2.067252245403898
226 2.2600000000000002 2.0748460260563766
227 2.27 2.0824193282595758
228 2.2800000000000002 2.0899720772664243
229 2.29 2.097504198532713
230 2.3000000000000003 2.1050156177178345
231 2.31 2.1125062606855067
232 2.32 2.1199760535045176
233 2.33 2.1274249224494466
234 2.34 2.1348527940013913
235 2.35 2.142259594848701
236 2.36 2.1496452518876916
237 2.37 2.1570096922233732
238 2.38 2.164352843170167
239 2.39 2.1716746322526213
240 2.4 2.1789749872061313
241 2.41 2.1862538359776464
242 2.42 2.1935111067263873
243 2.43 2.200746727824553
244 2.44 2.207960627858024
245 2.45 2.215152735627073
246 2.46 2.2223229801470636
247 2.47 2.229471290649153
248 2.48 2.23659759658099
249 2.49 2.2437018276074125
250 2.5 2.2507839136111363
251 2.5100000000000002 2.257843784693456
252 2.52 2.264881371174927
253 2.5300000000000002 2.2718966035960597
254 2.54 2.278889412717997
255 2.5500000000000003 2.285859729523208
256 2.56 2.2928074852161586
257 2.57 2.299732611224001
258 2.58 2.306635039197241
259 2.59 2.3135147010104187
260 2.6 2.320371528762779
261 2.61 2.327205454778941
262 2.62 2.3340164116095683
263 2.63 2.3408043320320315
264 2.64 2.3475691490510755
265 2.65 2.3543107958994764
266 2.66 2.361029206038705
267 2.67 2.3677243131595804
268 2.68 2.3743960511829245
269 2.69 2.381044354260216
270 2.7 2.3876691567742423
271 2.71 2.3942703933397387
272 2.72 2.400847998804044
273 2.73 2.4074019082477376
274 2.74 2.4139320569852813
275 2.75 2.4204383805656584
276 2.7600000000000002 2.4269208147730104
277 2.77 2.433379295627268
278 2.7800000000000002 2.4398137593847866
279 2.79 2.446224142538973
280 2.8000000000000003 2.4526103818209126
281 2.81 2.4589724141999927
282 2.82 2.465310176884528
283 2.83 2.4716236073223774
284 2.84 2.4779126432015617
285 2.85 2.48417722245088
286 2.86 2.490417283240521
287 2.87 2.4966327639826744
288 2.88 2.5028236033321387
289 2.89 2.508989740186924
290 2.9 2.51513111368886
291 2.91 2.5212476632241922
292 2.92 2.527339328424183
293 2.93 2.533406049165706
294 2.94 2.539447765571839
295 2.95 2.5454644180124593
296 2.96 2.5514559471048246
297 2.97 2.557422293714166
298 2.98 2.56336339895427
299 2.99 2.569279204188055
300 3.0 2.5751696510281583
301 3.0100000000000002 2.581034681337506
302 3.02 2.5868742372298876
303 3.0300000000000002 2.5926882610705313
304 3.04 2.598476695476667
305 3.0500000000000003 2.6042394833181004
306 3.06 2.609976567717766
307 3.0700000000000003 2.6156878920523012
308 3.08 2.6213733999525948
309 3.09 2.627033035304348
310 3.1 2.6326667422486283
311 3.11 2.6382744651824215
312 3.12 2.643856148759177
313 3.13 2.6494117378893556
314 3.14 2.6549411777409775
315 3.15 2.660444413740156
316 3.16 2.6659213915716435
317 3.17 2.6713720571793624
318 3.18 2.676796356766941
319 3.19 2.6821942367982428
320 3.2 2.687565643997898
321 3.21 2.6929105253518255
322 3.22 2.6982288281077595
323 3.23 2.703520499775768
324 3.24 2.7087854881287714
325 3.25 2.714023741203061
326 3.2600000000000002 2.719235207298805
327 3.27 2.724419834980565
328 3.2800000000000002 2.7295775730778016
329 3.29 2.73470837068538
330 3.3000000000000003 2.739812177164071
331 3.31 2.744888942141052
332 3.3200000000000003 2.7499386155104046
333 3.33 2.7549611474336064
334 3.34 2.759956488340029
335 3.35 2.7649245889274194
336 3.36 2.7698654001623932
337 3.37 2.774778873280914
338 3.38 2.7796649597887777
339 3.39 2.7845236114620913
340 3.4 2.7893547803477445
341 3.41 2.794158418763889
342 3.42 2.798934479300405
343 3.43 2.8036829148193716
344 3.44 2.80840367845553
345 3.45 2.8130967236167477
346 3.46 2.8177620039844764
347 3.47 2.8223994735142135
348 3.48 2.8270090864359485
349 3.49 2.8315907972546266
350 3.5 2.836144560750584
351 3.5100000000000002 2.840670331980007
352 3.52 2.845168066275366
353 3.5300000000000002 2.8496377192458624
354 3.54 2.854079246777863
355 3.5500000000000003 2.858492605035339
356 3.56 2.8628777504602967
357 3.5700000000000003 2.8672346397732036
358 3.58 2.871563229973423
359 3.59 2.8758634783396353
360 3.6 2.8801353424302576
361 3.61 2.884378780083863
362 3.62 2.8885937494196017
363 3.63 2.892780208837606
364 3.64 2.896938117019411
365 3.65 2.901067432928352
366 3.66 2.9051681158099782
367 3.67 2.909240125192449
368 3.68 2.9132834208869367
369 3.69 2.917297962988022
370 3.7 2.9212837118740898
371 3.71 2.925240628207715
372 3.72 2.9291686729360586
373 3.73 2.9330678072912457
374 3.74 2.9369379927907553
375 3.75 2.9407791912377914
376 3.7600000000000002 2.944591364721668
377 3.77 2.948374475618179
378 3.7800000000000002 2.952128486589974
379 3.79 2.955853360586919
380 3.8000000000000003 2.9595490608464683
381 3.81 2.9632155508940277
382 3.8200000000000003 2.96685279454331
383 3.83 2.9704607558966973
384 3.84 2.9740393993455907
385 3.85 2.977588689570764
386 3.86 2.9811085915427147
387 3.87 2.984599070522004
388 3.88 2.988060092059606
389 3.89 2.991491621997241
390 3.9 2.9948936264677206
391 3.91 2.9982660718952756
392 3.92 3.0016089249958884
393 3.93 3.0049221527776253
394 3.94 3.0082057225409575
395 3.95 3.0114596018790873
396 3.96 3.014683758678265
397 3.97 3.0178781611181096
398 3.98 3.0210427776719193
399 3.99 3.024177577106984
400 4.0 3.0272825284848945
401 4.01 3.0303576011618474
402 4.0200000000000005 3.033402764788947
403 4.03 3.036417989312503
404 4.04 3.039403244974333
405 4.05 3.0423585023120507
406 4.0600000000000005 3.0452837321593567
407 4.07 3.0481789056463326
408 4.08 3.051043994199719
409 4.09 3.053878969543197
410 4.1 3.056683803697678
411 4.11 3.059458468981566
412 4.12 3.0622029380110387
413 4.13 3.0649171837003184
414 4.14 3.067601179261935
415 4.15 3.0702548982069935
416 4.16 3.0728783143454335
417 4.17 3.07547140178629
418 4.18 3.0780341349379494
419 4.19 3.0805664885083965
420 4.2 3.083068437505471
421 4.21 3.0855399572371107
422 4.22 3.0879810233115954
423 4.23 3.0903916116377896
424 4.24 3.0927716984253766
425 4.25 3.095121260185097
426 4.26 3.097440273728979
427 4.2700000000000005 3.0997287161705662
428 4.28 3.1019865649251495
429 4.29 3.104213797709978
430 4.3 3.1064103925444906
431 4.3100000000000005 3.1085763277505283
432 4.32 3.110711581952548
433 4.33 3.1128161340778338
434 4.34 3.1148899633567053
435 4.3500000000000005 3.1169330493227227
436 4.36 3.118945371812889
437 4.37 3.1209269109678464
438 4.38 3.1228776472320776
439 4.39 3.124797561354094
440 4.4 3.1266866343866297
441 4.41 3.1285448476868227
442 4.42 3.130372182916406
443 4.43 3.132168622041883
444 4.44 3.1339341473347093
445 4.45 3.135668741371466
446 4.46 3.1373723870340298
447 4.47 3.1390450675097474
448 4.48 3.140686766291595
449 4.49 3.142297467178347
450 4.5 3.1438771542747297
451 4.51 3.1454258119915877
452 4.5200000000000005 3.1469434250460244
453 4.53 3.148429978461566
454 4.54 3.1498854575683017
455 4.55 3.151309848003029
456 4.5600000000000005 3.1527031357094
457 4.57 3.1540653069380555
458 4.58 3.1553963482467626
459 4.59 3.1566962465005464
460 4.6000000000000005 3.1579649888718206
461 4.61 3.159202562840516
462 4.62 3.1604089561941997
463 4.63 3.1615841570281997
464 4.64 3.162728153745718
465 4.65 3.1638409350579506
466 4.66 3.1649224899841952
467 4.67 3.1659728078519622
468 4.68 3.166991878297074
469 4.69 3.1679796912637768
470 4.7 3.1689362370048304
471 4.71 3.169861506081613
472 4.72 3.1707554893642076
473 4.73 3.171618178031496
474 4.74 3.1724495635712424
475 4.75 3.173249637780184
476 4.76 3.1740183927641032
477 4.7700000000000005 3.174755820937913
478 4.78 3.1754619150257266
479 4.79 3.176136668060934
480 4.8 3.176780073386267
481 4.8100000000000005 3.1773921246538666
482 4.82 3.177972815825344
483 4.83 3.178522141171843
484 4.84 3.179040095274099
485 4.8500000000000005 3.179526673022478
486 4.86 3.1799818696170497
487 4.87 3.180405680567614
488 4.88 3.1807981016937608
489 4.89 3.1811591291249
490 4.9 3.181488759300307
491 4.91 3.181786988969153
492 4.92 3.1820538151905424
493 4.93 3.1822892353335392
494 4.94 3.1824932470771885
495 4.95 3.1826658484105463
496 4.96 3.1828070376326987
497 4.97 3.1829168133527737
498 4.98 3.182995174489957
499 4.99 3.1830421202735097
500 5.0 3.1830576502427625
501 5.01 3.1830417642471325
502 5.0200000000000005 3.1829944624461173
503 5.03 3.182915745309299
504 5.04 3.1828056136163334
505 5.05 3.1826640684569485
506 5.0600000000000005 3.1824911112309264
507 5.07 3.1822867436481017
508 5.08 3.182050967728326
509 5.09 3.1817837858014717
510 5.1000000000000005 3.1814852005073844
511 5.11 3.1811552147958766
512 5.12 3.1807938319266857
513 5.13 3.1804010554694515
514 5.14 3.1799768893036724
515 5.15 3.179521337618675
516 5.16 3.179034404913563
517 5.17 3.1785160959971854
518 5.18 3.1779664159880774
519 5.19 3.1773853703144193
520 5.2 3.1767729647139715
521 5.21 3.1761292052340337
522 5.22 3.175454098231371
523 5.23 3.1747476503721566
524 5.24 3.1740098686319094
525 5.25 3.173240760295417
526 5.26 3.1724403329566724
527 5.2700000000000005 3.171608594518796
528 5.28 3.170745553193954
529 5.29 3.1698512175032825
530 5.3 3.168925596276799
531 5.3100000000000005 3.1679686986533215
532 5.32 3.1669805340803707
533 5.33 3.1659611123140823
534 5.34 3.1649104434191084
535 5.3500000000000005 3.1638285377685182
536 5.36 3.1627154060436964
537 5.37 3.161571059234239
538 5.38 3.1603955086378432
539 5.39 3.1591887658601934
540 5.4 3.1579508428148517
541 5.41 3.156681751723136
542 5.42 3.155381505114008
543 5.43 3.154050115823933
544 5.44 3.1526875969967714
545 5.45 3.1512939620836375
546 5.46 3.149869224842769
547 5.47 3.1484133993393963
548 5.48 3.1469264999455953
549 5.49 3.145408541340154
550 5.5 3.1438595385084205
551 5.51 3.1422795067421605
552 5.5200000000000005 3.140668461639405
553 5.53 3.139026419104291
554 5.54 3.1373533953469144
555 5.55 3.1356494068831626
556 5.5600000000000005 3.133914470534553
557 5.57 3.1321486034280692
558 5.58 3.1303518229959906
559 5.59 3.1285241469757183
560 5.6000000000000005 3.126665593409606
561 5.61 3.124776180644772
562 5.62 3.12285592733293
563 5.63 3.120904852430196
564 5.64 3.1189229751969054
565 5.65 3.1169103151974227
566 5.66 3.1148668922999456
567 5.67 3.1127927266763136
568 5.68 3.110687838801803
569 5.69 3.108552249454932
570 5.7 3.1063859797172504
571 5.71 3.1041890509731314
572 5.72 3.1019614849095642
573 5.73 3.099703303515939
574 5.74 3.097414529083825
575 5.75 3.095095184206758
576 5.76 3.092745291780013
577 5.7700000000000005 3.090364875000376
578 5.78 3.0879539573659245
579 5.79 3.085512562675783
580 5.8 3.083040715029897
581 5.8100000000000005 3.080538438828794
582 5.82 3.0780057587733394
583 5.83 3.075442699864494
584 5.84 3.0728492874030704
585 5.8500000000000005 3.0702255469894784
586 5.86 3.0675715045234777
587 5.87 3.064887186203913
588 5.88 3.0621726185284692
589 5.89 3.0594278282934004
590 5.9 3.056652842593265
591 5.91 3.0538476888206625
592 5.92 3.0510123946659613
593 5.93 3.0481469881170273
594 5.94 3.0452514974589446
595 5.95 3.0423259512737353
596 5.96 3.0393703784400885
597 5.97 3.0363848081330547
598 5.98 3.0333692698237806
599 5.99 3.030323793279201
600 6.0 3.027248408561753
601 6.01 3.024143146029081
602 6.0200000000000005 3.021008036333731
603 6.03 3.0178431104228522
604 6.04 3.0146483995378905
605 6.05 3.01142393521428
606 6.0600000000000005 3.008169749281133
607 6.07 3.004885873860922
608 6.08 3.0015723413691706
609 6.09 2.998229184514124
610 6.1000000000000005 2.9948564362964296
611 6.11 2.99145413000882
612 6.12 2.9880222992357717
613 6.13 2.984560977853178
614 6.140000000000001 2.981070200028015
615 6.15 2.977550000218011
616 6.16 2.974000413171295
617 6.17 2.970421473926061
618 6.18 2.9668132178102202
619 6.19 2.9631756804410525
620 6.2 2.9595088977248545
621 6.21 2.955812905856586
622 6.22 2.952087741319514
623 6.23 2.948333440884851
624 6.24 2.9445500416113886
625 6.25 2.9407375808451395
626 6.26 2.9368960962189643
627 6.2700000000000005 2.933025625652199
628 6.28 2.929126207350282
629 6.29 2.925197879804382
630 6.3 2.921240681791006
631 6.3100000000000005 2.917254652371631
632 6.32 2.9132398308923113
633 6.33 2.909196256983285
634 6.34 2.9051239705585967
635 6.3500000000000005 2.9010230118156857
636 6.36 2.8968934212350073
637 6.37 2.8927352395796238
638 6.38 2.8885485078947966
639 6.390000000000001 2.8843332675075963
640 6.4 2.880089560026482
641 6.41 2.875817427340899
642 6.42 2.871516911620853
643 6.43 2.8671880553165145
644 6.44 2.8628309011577784
645 6.45 2.8584454921538534
646 6.46 2.8540318715928406
647 6.47 2.849590083041295
648 6.48 2.845120170343808
649 6.49 2.840622177622567
650 6.5 2.8360961492769174
651 6.51 2.8315421299829344
652 6.5200000000000005 2.8269601646929736
653 6.53 2.8223502986352296
654 6.54 2.8177125773132934
655 6.55 2.813047046505699
656 6.5600000000000005 2.808353752265469
657 6.57 2.80363274091967
658 6.58 2.798884059068942
659 6.59 2.7941077535870553
660 6.6000000000000005 2.7893038716204277
661 6.61 2.78447246058768
662 6.62 2.779613568179151
663 6.63 2.774727242356433
664 6.640000000000001 2.7698135313519057
665 6.65 2.764872483668249
666 6.66 2.759904148077969
667 6.67 2.7549085736229193
668 6.68 2.7498858096138115
669 6.69 2.7448359056297305
670 6.7 2.739758911517651
671 6.71 2.7346548773919395
672 6.72 2.7295238536338546
673 6.73 2.724365890891063
674 6.74 2.719181040077131
675 6.75 2.7139693523710227
676 6.76 2.7087308792165956
677 6.7700000000000005 2.7034656723220953
678 6.78 2.6981737836596427
679 6.79 2.6928552654647175
680 6.8 2.687510170235652
681 6.8100000000000005 2.6821385507331046
682 6.82 2.676740459979545
683 6.83 2.6713159512587232
684 6.84 2.665865078115158
685 6.8500000000000005 2.6603878943535815
686 6.86 2.6548844540384486
687 6.87 2.649354811493361
688 6.88 2.6437990213005627
689 6.890000000000001 2.63821713830038
690 6.9 2.6326092175907005
691 6.91 2.6269753145264074
692 6.92 2.62131548471885
693 6.93 2.615629784035292
694 6.94 2.6099182685983457
695 6.95 2.604180994785442
696 6.96 2.598418019228254
697 6.97 2.5926293988121465
698 6.98 2.58681519067562
699 6.99 2.5809754522097306
700 7.0 2.5751102410575433
701 7.01 2.5692196151135445
702 7.0200000000000005 2.563303632523084
703 7.03 2.5573623516817987
704 7.04 2.5513958312350304
705 7.05 2.5454041300772507
706 7.0600000000000005 2.539387307351479
707 7.07 2.5333454224487078
708 7.08 2.527278535007299
709 7.09 2.5211867049124086
710 7.1000000000000005 2.515069992295392
711 7.11 2.508928457533206
712 7.12 2.5027621612478272
713 7.13 2.4965711643056343
714 7.140000000000001 2.4903555278168223
715 7.15 2.4841153131347875
716 7.16 2.4778505818555416
717 7.17 2.471561395817072
718 7.18 2.465247817098768
719 7.19 2.458909908020778
720 7.2 2.452547731143418
721 7.21 2.4461613492665313
722 7.22 2.4397508254288844
723 7.23 2.4333162229075462
724 7.24 2.426857605217254
725 7.25 2.4203750361097907
726 7.26 2.4138685795733528
727 7.2700000000000005 2.4073382998319293
728 7.28 2.4007842613446524
729 7.29 2.3942065288051744
730 7.3 2.387605167141027
731 7.3100000000000005 2.380980241512968
732 7.32 2.3743318173143564
733 7.33 2.367659960170494
734 7.34 2.360964735937987
735 7.3500000000000005 2.3542462107040842
736 7.36 2.3475044507860394
737 7.37 2.340739522730443
738 7.38 2.3339514933125773
739 7.390000000000001 2.3271404295357483
740 7.4 2.3203063986306285
741 7.41 2.3134494680545883
742 7.42 2.3065697054910492
743 7.43 2.299667178848786
744 7.44 2.292741956261276
745 7.45 2.285794106086027
746 7.46 2.278823696903893
747 7.47 2.271830797518409
748 7.48 2.2648154769551008
749 7.49 2.257777804460809
750 7.5 2.250717849503004
751 7.51 2.2436356817691054
752 7.5200000000000005 2.23653137116579
753 7.53 2.229404987818291
754 7.54 2.2222566020697405
755 7.55 2.2150862844804253
756 7.5600000000000005 2.207894105827136
757 7.57 2.200680137102448
758 7.58 2.1934444495140104
759 7.59 2.18618711448387
760 7.6000000000000005 2.178908203647735
761 7.61 2.171607788854308
762 7.62 2.164285942164529
763 7.63 2.1569427358509063
764 7.640000000000001 2.149578242396781
765 7.65 2.142192534495611
766 7.66 2.134785685050269
767 7.67 2.127357767172307
768 7.68 2.119908854181239
769 7.69 2.112439019603819
770 7.7 2.1049483371733286
771 7.71 2.0974368808288215
772 7.72 2.0899047247144065
773 7.73 2.082351943178532
774 7.74 2.0747786107732322
775 7.75 2.06718480225339
776 7.76 2.0595705925760193
777 7.7700000000000005 2.0519360568994998
778 7.78 2.0442812705828537
779 7.79 2.036606309185002
780 7.8 2.028911248464002
781 7.8100000000000005 2.0211961643763114
782 7.82 2.013461133076051
783 7.83 2.0057062309142246
784 7.84 1.9979315344379938
785 7.8500000000000005 1.9901371203898925
786 7.86 1.9823230657071012
787 7.87 1.9744894475206731
788 7.88 1.9666363431547627
789 7.890000000000001 1.958763830125882
790 7.9 1.950871986142122
791 7.91 1.9429608891023928
792 7.92 1.9350306170956433
793 7.930000000000001 1.9270812484001123
794 7.94 1.9191128614825406
795 7.95 1.911125534997387
796 7.96 1.903119347786074
797 7.97 1.8950943788762036
798 7.98 1.8870507074807623
799 7.99 1.8789884129973604
800 8.0 1.8709075750074309
801 8.01 1.862808273275455
802 8.02 1.854690587748177
803 8.03 1.8465545985537979
804 8.040000000000001 1.8384003860012026
805 8.05 1.8302280305791694
806 8.06 1.8220376129555564
807 8.07 1.8138292139765202
808 8.08 1.805602914665716
809 8.09 1.7973587962234916
810 8.1 1.7890969400260968
811 8.11 1.7808174276248714
812 8.120000000000001 1.7725203407454426
813 8.13 1.7642057612869202
814 8.14 1.7558737713210864
815 8.15 1.7475244530915877
816 8.16 1.7391578890131179
817 8.17 1.730774161670615
818 8.18 1.7223733538184387
819 8.19 1.7139555483795483
820 8.2 1.705520828444703
821 8.21 1.697069277271618
822 8.22 1.688600978284164
823 8.23 1.6801160150715315
824 8.24 1.6716144713874055
825 8.25 1.6630964311491496
826 8.26 1.6545619784369574
827 8.27 1.6460111974930562
828 8.28 1.6374441727208353
829 8.290000000000001 1.6288609886840462
830 8.3 1.6202617301059448
831 8.31 1.611646481868485
832 8.32 1.6030153290114324
833 8.33 1.5943683567315734
834 8.34 1.5857056503818558
835 8.35 1.5770272954705327
836 8.36 1.5683333776603412
837 8.370000000000001 1.5596239827676435
838 8.38 1.5508991967615913
839 8.39 1.5421591057632593
840 8.4 1.5334037960448104
841 8.41 1.524633354028639
842 8.42 1.515847866286519
843 8.43 1.5070474195387522
844 8.44 1.4982321006533024
845 8.45 1.489401996644947
846 8.46 1.4805571946744216
847 8.47 1.4716977820475545
848 8.48 1.4628238462144
849 8.49 1.4539354747683788
850 8.5 1.4450327554454159
851 8.51 1.436115776123085
852 8.52 1.4271846248197146
853 8.53 1.4182393896935448
854 8.540000000000001 1.4092801590418471
855 8.55 1.4003070213000406
856 8.56 1.3913200650408566
857 8.57 1.3823193789734134
858 8.58 1.3733050519423848
859 8.59 1.3642771729271015
860 8.6 1.355235831040666
861 8.61 1.3461811155291024
862 8.620000000000001 1.3371131157704461
863 8.63 1.3280319212738743
864 8.64 1.3189376216788222
865 8.65 1.309830306754101
866 8.66 1.300710066397004
867 8.67 1.291576990632425
868 8.68 1.2824311696119697
869 8.69 1.2732726936130643
870 8.700000000000001 1.2641016530380647
871 8.71 1.254918138413366
872 8.72 1.245722240388508
873 8.73 1.2365140497352822
874 8.74 1.227293657346829
875 8.75 1.2180611542367519
876 8.76 1.2088166315382072
877 8.77 1.199560180503017
878 8.78 1.190291892500758
879 8.790000000000001 1.1810118590178647
880 8.8 1.171720171656732
881 8.81 1.162416922134792
882 8.82 1.1531022022836375
883 8.83 1.1437761040480883
884 8.84 1.1344387194853027
885 8.85 1.1250901407638594
886 8.86 1.1157304601628457
887 8.870000000000001 1.1063597700709629
888 8.88 1.0969781629855913
889 8.89 1.087585731511897
890 8.9 1.0781825683619068
891 8.91 1.0687687663535943
892 8.92 1.0593444184099745
893 8.93 1.049909617558166
894 8.94 1.0404644569284986
895 8.950000000000001 1.0310090297535695
896 8.96 1.0215434293673429
897 8.97 1.0120677492042152
898 8.98 1.0025820827980922
899 8.99 0.9930865237815034
900 9.0 0.9835811658845941
901 9.01 0.9740661029343034
902 9.02 0.9645414288533587
903 9.03 0.9550072376593821
904 9.040000000000001 0.9454636234639651
905 9.05 0.9359106804717197
906 9.06 0.926348502979387
907 9.07 0.9167771853748636
908 9.08 0.9071968221362745
909 9.09 0.8976075078310863
910 9.1 0.888009337115113
911 9.11 0.8784024047316326
912 9.120000000000001 0.8687868055104122
913 9.13 0.8591626343668057
914 9.14 0.8495299863007908
915 9.15 0.8398889563960399
916 9.16 0.8302396398189913
917 9.17 0.8205821318179076
918 9.18 0.8109165277219148
919 9.19 0.8012429229400873
920 9.200000000000001 0.7915614129604975
921 9.21 0.7818720933492624
922 9.22 0.7721750597496246
923 9.23 0.7624704078809827
924 9.24 0.7527582335379712
925 9.25 0.7430386325894833
926 9.26 0.7333117009777563
927 9.27 0.7235775347174087
928 9.28 0.7138362298945022
929 9.290000000000001 0.704087882665565
930 9.3 0.6943325892566943
931 9.31 0.6845704459625637
932 9.32 0.6748015491454762
933 9.33 0.6650259952344477
934 9.34 0.6552438807242069
935 9.35 0.6454553021742786
936 9.36 0.6356603562080227
937 9.370000000000001 0.6258591395116593
938 9.38 0.616051748833371
939 9.39 0.6062382809822591
940 9.4 0.5964188328274744
941 9.41 0.5865935012972177
942 9.42 0.5767623833777833
943 9.43 0.5669255761126148
944 9.44 0.5570831766013402
945 9.450000000000001 0.5472352819988267
946 9.46 0.537381989514186
947 9.47 0.5275233964098689
948 9.48 0.5176596000006519
949 9.49 0.5077906976527178
950 9.5 0.49791678678267104
951 9.51 0.4880379648565789
952 9.52 0.47815432938901914
953 9.53 0.46826597794211544
954 9.540000000000001 0.45837300812457116
955 9.55 0.4484755175907047
956 9.56 0.4385736040394761
957 9.57 0.4286673652135651
958 9.58 0.41875689889834256
959 9.59 0.4088423029209487
960 9.6 0.3989236751493337
961 9.61 0.389001113491247
962 9.620000000000001 0.3790747158933385
963 9.63 0.3691445803401123
964 9.64 0.3592108048530349
965 9.65 0.34927348748950493
966 9.66 0.33933272634193656
967 9.67 0.32938861953675413
968 9.68 0.3194412652334506
969 9.69 0.30949076162359646
970 9.700000000000001 0.29953720692988384
971 9.71 0.2895806994051604
972 9.72 0.2796213373314558
973 9.73 0.2696592190189868
974 9.74 0.2596944428052481
975 9.75 0.24972710705396395
976 9.76 0.23975731015417878
977 9.77 0.22978515051927317
978 9.78 0.2198107265859548
979 9.790000000000001 0.2098341368133454
980 9.8 0.19985547968196826
981 9.81 0.18987485369278545
982 9.82 0.17989235736622788
983 9.83 0.16990808924123257
984 9.84 0.1599221478742585
985 9.85 0.14993463183829192
986 9.86 0.13994563972194385
987 9.870000000000001 0.12995527012838792
988 9.88 0.11996362167446861
989 9.89 0.10997079298966028
990 9.9 0.09997688271513638
991 9.91 0.0899819895027818
992 9.92 0.0799862120142194
993 9.93 0.06998964891984016
994 9.94 0.0599923988978297
995 9.950000000000001 0.04999456063318064
996 9.96 0.039996232816740473
997 9.97 0.02999751414423102
998 9.98 0.019998503315253657
999 9.99 0.009999299032354969
1000 10.0 0.0
1001 10.01 -0.009999295080862952
1002 10.02 -0.019998487527364925
1003 10.03 -0.029997478662126202
1004 10.040000000000001 -0.03999616980971706
1005 10.05 -0.04999446229762468
1006 10.06 -0.05999225745723788
1007 10.07 -0.06998945662481397
1008 10.08 -0.07998596114245454
1009 10.09 -0.08998167235907935
1010 10.1 -0.09997649163140009
1011 10.11 -0.10997032032489414
1012 10.120000000000001 -0.11996305981478012
1013 10.13 -0.12995461148698417
1014 10.14 -0.13994487673912437
1015 10.15 -0.1499337569814765
1016 10.16 -0.15992115363794954
1017 10.17 -0.16990696814705838
1018 10.18 -0.17989110196289698
1019 10.19 -0.1898734565561111
1020 10.200000000000001 -0.19985393341487268
1021 10.21 -0.20983243404584498
1022 10.22 -0.21980885997516608
1023 10.23 -0.22978311274941324
1024 10.24 -0.2397550939365768
1025 10.25 -0.24972470512703177
1026 10.26 -0.2596918479345095
1027 10.27 -0.26965642399706863
1028 10.28 -0.2796183349780659
1029 10.290000000000001 -0.28957748256712923
1030 10.3 -0.29953376848112057
1031 10.31 -0.30948709446511685
1032 10.32 -0.3194373622933729
1033 10.33 -0.32938447377029273
1034 10.34 -0.33932833073139884
1035 10.35 -0.34926883504430134
1036 10.36 -0.35920588860966673
1037 10.370000000000001 -0.36913939336218776
1038 10.38 -0.37906925127154467
1039 10.39 -0.38899536434338305
1040 10.4 -0.39891763462027463
1041 10.41 -0.40883596418268614
1042 10.42 -0.41875025514994485
1043 10.43 -0.42866040968120606
1044 10.44 -0.43856632997641815
1045 10.450000000000001 -0.44846791827728993
1046 10.46 -0.4583650768682487
1047 10.47 -0.4682577080774155
1048 10.48 -0.4781457142775615
1049 10.49 -0.48802899788707443
1050 10.5 -0.4979074613709215
1051 10.51 -0.5077810072416117
1052 10.52 -0.5176495380601591
1053 10.53 -0.5275129564370435
1054 10.540000000000001 -0.5373711650331751
1055 10.55 -0.5472240665608461
1056 10.56 -0.5570715637847042
1057 10.57 -0.5669135595227033
1058 10.58 -0.5767499566470659
1059 10.59 -0.5865806580852408
1060 10.6 -0.5964055668208628
1061 10.61 -0.6062245858947086
1062 10.620000000000001 -0.6160376184056566
1063 10.63 -0.6258445675116373
1064 10.64 -0.6356453364305974
1065 10.65 -0.6454398284414509
1066 10.66 -0.6552279468850337
1067 10.67 -0.6650095951650581
1068 10.68 -0.6747846767490672
1069 10.69 -0.6845530951693867
1070 10.700000000000001 -0.6943147540240793
1071 10.71 -0.7040695569778899
1072 10.72 -0.7138174077632059
1073 10.73 -0.7235582101810016
1074 10.74 -0.733291868101789
1075 10.75 -0.7430182854665666
1076 10.76 -0.7527373662877679
1077 10.77 -0.7624490146502083
1078 10.78 -0.7721531347120337
1079 10.790000000000001 -0.7818496307056657
1080 10.8 -0.7915384069387423
1081 10.81 -0.8012193677950711
1082 10.82 -0.8108924177355676
1083 10.83 -0.8205574612991995
1084 10.84 -0.8302144031039285
1085 10.85 -0.839863147847653
1086 10.86 -0.8495036003091481
1087 10.870000000000001 -0.8591356653490069
1088 10.88 -0.8687592479105732
1089 10.89 -0.8783742530208906
1090 10.9 -0.8879805857916324
1091 10.91 -0.8975781514200403
1092 10.92 -0.9071668551898605
1093 10.93 -0.9167466024722776
1094 10.94 -0.9263172987268499
1095 10.950000000000001 -0.935878849502444
1096 10.96 -0.94543116043816
1097 10.97 -0.9549741372642735
1098 10.98 -0.9645076858031589
1099 10.99 -0.9740317119702214
1100 11.0 -0.9835461217748254
1101 11.01 -0.9930508213212216
1102 11.02 -1.0025457168094765
1103 11.03 -1.0120307145363934
1104 11.040000000000001 -1.0215057208964449
1105 11.05 -1.0309706423826852
1106 11.06 -1.0404253855876862
1107 11.07 -1.0498698572044525
1108 11.08 -1.059303964027342
1109 11.09 -1.068727612952989
1110 11.1 -1.0781407109812209
1111 11.11 -1.0875431652159775
1112 11.120000000000001 -1.0969348828662286
1113 11.13 -1.106315771246884
1114 11.14 -1.11568573777972
1115 11.15 -1.1250446899942823
1116 11.16 -1.1343925355288043
1117 11.17 -1.1437291821311188
1118 11.18 -1.1530545376595651
1119 11.19 -1.1623685100839023
1120 11.200000000000001 -1.1716710074862173
1121 11.21 -1.1809619380618273
1122 11.22 -1.1902412101201933
1123 11.23 -1.1995087320858213
1124 11.24 -1.2087644124991663
1125 11.25 -1.2180081600175354
1126 11.26 -1.2272398834159897
1127 11.27 -1.236459491588245
1128 11.28 -1.2456668935475699
1129 11.290000000000001 -1.2548619984276876
1130 11.3 -1.2640447154836645
1131 11.31 -1.2732149540928168
1132 11.32 -1.2823726237555981
1133 11.33 -1.2915176340964942
1134 11.34 -1.3006498948649157
1135 11.35 -1.3097693159360884
1136 11.36 -1.3188758073119438
1137 11.370000000000001 -1.3279692791220077
1138 11.38 -1.337049641624282
1139 11.39 -1.34611680520614
1140 11.4 -1.3551706803852042
1141 11.41 -1.3642111778102313
1142 11.42 -1.373238208261995
1143 11.43 -1.382251682654165
1144 11.44 -1.3912515120341877
1145 11.450000000000001 -1.4002376075841663
1146 11.46 -1.40920988062173
1147 11.47 -1.4181682426009177
1148 11.48 -1.4271126051130505
1149 11.49 -1.4360428798876006
1150 11.5 -1.4449589787930648
1151 11.51 -1.4538608138378364
1152 11.52 -1.4627482971710692
1153 11.53 -1.4716213410835501
1154 11.540000000000001 -1.480479858008561
1155 11.55 -1.489323760522742
1156 11.56 -1.4981529613469609
1157 11.57 -1.506967373347168
1158 11.58 -1.515766909535259
1159 11.59 -1.5245514830699345
1160 11.6 -1.5333210072575558
1161 11.61 -1.542075395553
1162 11.620000000000001 -1.5508145615605178
1163 11.63 -1.559538419034579
1164 11.64 -1.5682468818807338
1165 11.65 -1.576939864156455
1166 11.66 -1.58561728007199
1167 11.67 -1.594279043991205
1168 11.68 -1.6029250704324345
1169 11.69 -1.6115552740693195
1170 11.700000000000001 -1.6201695697316567
1171 11.71 -1.6287678724062284
1172 11.72 -1.6373500972376553
1173 11.73 -1.645916159529224
1174 11.74 -1.6544659747437278
1175 11.75 -1.662999458504299
1176 11.76 -1.671516526595243
1177 11.77 -1.6800170949628694
1178 11.78 -1.6885010797163198
1179 11.790000000000001 -1.6969683971284018
1180 11.8 -1.7054189636364043
1181 11.81 -1.7138526958429356
1182 11.82 -1.7222695105167376
1183 11.83 -1.730669324593511
1184 11.84 -1.7390520551767337
1185 11.85 -1.7474176195384807
1186 11.86 -1.755765935120239
1187 11.870000000000001 -1.7640969195337246
1188 11.88 -1.7724104905616906
1189 11.89 -1.7807065661587476
1190 11.9 -1.7889850644521654
1191 11.91 -1.797245903742686
1192 11.92 -1.8054890025053294
1193 11.93 -1.8137142793901935
1194 11.94 -1.8219216532232665
1195 11.950000000000001 -1.8301110430072192
1196 11.96 -1.838282367922207
1197 11.97 -1.846435547326671
1198 11.98 -1.8545705007581317
1199 11.99 -1.862687147933983
1200 12.0 -1.8707854087522855
1201 12.01 -1.878865203292556
1202 12.02 -1.8869264518165554
1203 12.030000000000001 -1.8949690747690837
1204 12.040000000000001 -1.9029929927787488
1205 12.05 -1.9109981266587703
1206 12.06 -1.9189843974077456
1207 12.07 -1.9269517262104385
1208 12.08 -1.9349000344385505
1209 12.09 -1.942829243651504
1210 12.1 -1.95073927559721
1211 12.11 -1.958630052212846
1212 12.120000000000001 -1.9665014956256233
1213 12.13 -1.9743535281535551
1214 12.14 -1.982186072306226
1215 12.15 -1.9899990507855578
1216 12.16 -1.997792386486566
1217 12.17 -2.005566002498129
1218 12.18 -2.0133198221037425
1219 12.19 -2.0210537687822767
1220 12.200000000000001 -2.0287677662087353
1221 12.21 -2.036461738255003
1222 12.22 -2.0441356089906044
1223 12.23 -2.0517893026834453
1224 12.24 -2.0594227438005692
1225 12.25 -2.0670358570088943
1226 12.26 -2.0746285671759637
1227 12.27 -2.0822007993706824
1228 12.280000000000001 -2.089752478864062
1229 12.290000000000001 -2.0972835311299503
1230 12.3 -2.1047938818457754
1231 12.31 -2.1122834568932767
1232 12.32 -2.1197521823592327
1233 12.33 -2.127199984536198
1234 12.34 -2.1346267899232205
1235 12.35 -2.1420325252265795
1236 12.36 -2.1494171173604983
1237 12.370000000000001 -2.1567804934478727
1238 12.38 -2.164122580820983
1239 12.39 -2.1714433070222228
1240 12.4 -2.1787425998048016
1241 12.41 -2.186020387133468
1242 12.42 -2.1932765971852137
1243 12.43 -2.200511158349988
1244 12.44 -2.2077239992313986
1245 12.450000000000001 -2.214915048647425
1246 12.46 -2.222084235631109
1247 12.47 -2.229231489431268
1248 12.48 -2.2363567395131847
1249 12.49 -2.243459915559308
1250 12.5 -2.2505409474699443
1251 12.51 -2.2575997653639504
1252 12.52 -2.2646362995794256
1253 12.530000000000001 -2.2716504806743933
1254 12.540000000000001 -2.278642239427494
1255 12.55 -2.2856115068386615
1256 12.56 -2.292558214129812
1257 12.57 -2.2994822927455147
1258 12.58 -2.3063836743536745
1259 12.59 -2.313262290846202
1260 12.6 -2.3201180743396916
1261 12.61 -2.326950957176085
1262 12.620000000000001 -2.333760871923346
1263 12.63 -2.3405477513761164
1264 12.64 -2.3473115285563906
1265 12.65 -2.3540521367141696
1266 12.66 -2.3607695093281227
1267 12.67 -2.367463580106242
1268 12.68 -2.3741342829864984
1269 12.69 -2.380781552137495
1270 12.700000000000001 -2.387405321959114
1271 12.71 -2.3940055270831646
1272 12.72 -2.4005821023740292
1273 12.73 -2.40713498292931
1274 12.74 -2.4136641040804623
1275 12.75 -2.420169401393437
1276 12.76 -2.4266508106693196
1277 12.77 -2.433108267944956
1278 12.780000000000001 -2.439541709493593
1279 12.790000000000001 -2.445951071825497
1280 12.8 -2.452336291688593
1281 12.81 -2.4586973060690793
1282 12.82 -2.465034052192052
1283 12.83 -2.471346467522128
1284 12.84 -2.4776344897640583
1285 12.85 -2.4838980568633446
1286 12.86 -2.490137107006851
1287 12.870000000000001 -2.4963515786234183
1288 12.88 -2.502541410384462
1289 12.89 -2.508706541204589
1290 12.9 -2.514846910242195
1291 12.91 -2.520962456900064
1292 12.92 -2.5270531208259692
1293 12.93 -2.533118841913268
1294 12.94 -2.5391595603014947
1295 12.950000000000001 -2.5451752163769537
1296 12.96 -2.5511657507733005
1297 12.97 -2.557131104372139
1298 12.98 -2.563071218303598
1299 12.99 -2.5689860339469117
1300 13.0 -2.5748754929310023
1301 13.01 -2.580739537135054
1302 13.02 -2.5865781086890856
1303 13.030000000000001 -2.5923911499745254
1304 13.040000000000001 -2.5981786036247745
1305 13.05 -2.6039404125257786
1306 13.06 -2.6096765198165905
1307 13.07 -2.6153868688899276
1308 13.08 -2.621071403392736
1309 13.09 -2.626730067226742
1310 13.1 -2.6323628045490097
1311 13.11 -2.6379695597724906
1312 13.120000000000001 -2.6435502775665722
1313 13.13 -2.6491049028576232
1314 13.14 -2.65463338082954
1315 13.15 -2.660135656924284
1316 13.16 -2.6656116768424263
1317 13.17 -2.6710613865436756
1318 13.18 -2.6764847322474186
1319 13.19 -2.6818816604332474
1320 13.200000000000001 -2.6872521178414863
1321 13.21 -2.692596051473723
1322 13.22 -2.697913408593325
1323 13.23 -2.703204136725969
1324 13.24 -2.7084681836601474
1325 13.25 -2.7137054974476955
1326 13.26 -2.7189160264042957
1327 13.27 -2.724099719109989
1328 13.280000000000001 -2.729256524409691
1329 13.290000000000001 -2.7343863914136817
1330 13.3 -2.7394892694981223
1331 13.31 -2.744565108305547
1332 13.32 -2.749613857745363
1333 13.33 -2.75463546799434
1334 13.34 -2.7596298894971145
1335 13.35 -2.764597072966663
1336 13.36 -2.7695369693847995
1337 13.370000000000001 -2.7744495300026557
1338 13.38 -2.7793347063411606
1339 13.39 -2.7841924501915223
1340 13.4 -2.7890227136157058
1341 13.41 -2.7938254489468974
1342 13.42 -2.798600608789985
1343 13.43 -2.80334814602202
1344 13.44 -2.8080680137926866
1345 13.450000000000001 -2.8127601655247583
1346 13.46 -2.817424554914564
1347 13.47 -2.8220611359324415
1348 13.48 -2.826669862823194
1349 13.49 -2.8312506901065415
1350 13.5 -2.8358035725775643
1351 13.51 -2.8403284653071594
1352 13.52 -2.844825323642477
1353 13.530000000000001 -2.8492941032073604
1354 13.540000000000001 -2.8537347599027894
1355 13.55 -2.8581472499073115
1356 13.56 -2.8625315296774736
1357 13.57 -2.8668875559482596
1358 13.58 -2.8712152857335065
1359 13.59 -2.8755146763263366
1360 13.6 -2.879785685299577
1361 13.61 -2.8840282705061764
1362 13.620000000000001 -2.888242390079624
1363 13.63 -2.8924280024343605
1364 13.64 -2.8965850662661907
1365 13.65 -2.9007135405526907
1366 13.66 -2.904813384553613
1367 13.67 -2.9088845578112856
1368 13.68 -2.9129270201510145
1369 13.69 -2.916940731681484
1370 13.700000000000001 -2.92092565279514
1371 13.71 -2.9248817441685926
1372 13.72 -2.9288089667629933
1373 13.73 -2.9327072818244324
1374 13.74 -2.9365766508843105
1375 13.75 -2.9404170357597255
1376 13.76 -2.944228398553845
1377 13.77 -2.9480107016562838
1378 13.780000000000001 -2.9517639077434765
1379 13.790000000000001 -2.9554879797790363
1380 13.8 -2.959182881014133
1381 13.81 -2.9628485749878504
1382 13.82 -2.9664850255275437
1383 13.83 -2.970092196749201
1384 13.84 -2.9736700530577953
1385 13.85 -2.9772185591476346
1386 13.86 -2.9807376800027163
1387 13.870000000000001 -2.9842273808970643
1388 13.88 -2.9876876273950783
1389 13.89 -2.9911183853518706
1390 13.9 -2.9945196209136076
1391 13.91 -2.9978913005178356
1392 13.92 -3.0012333908938214
1393 13.93 -3.0045458590628726
1394 13.94 -3.0078286723386745
1395 13.950000000000001 -3.0110817983275964
1396 13.96 -3.014305204929025
1397 13.97 -3.0174988603356785
1398 13.98 -3.020662733033915
1399 13.99 -3.0237967918040507
1400 14.0 -3.026901005720663
1401 14.01 -3.0299753441528967
1402 14.02 -3.033019776764773
1403 14.030000000000001 -3.0360342735154755
1404 14.040000000000001 -3.0390188046596585
1405 14.05 -3.041973340747739
1406 14.06 -3.0448978526261836
1407 14.07 -3.047792311437795
1408 14.08 -3.0506566886220057
1409 14.09 -3.0534909559151484
1410 14.1 -3.0562950853507456
1411 14.11 -3.0590690492597794
1412 14.120000000000001 -3.061812820270962
1413 14.13 -3.0645263713110187
1414 14.14 -3.0672096756049365
1415 14.15 -3.0698627066762487
1416 14.16 -3.072485438347278
1417 14.17 -3.0750778447394063
1418 14.18 -3.07763990027333
1419 14.19 -3.0801715796693045
1420 14.200000000000001 -3.0826728579474016
1421 14.21 -3.0851437104277517
1422 14.22 -3.0875841127307915
1423 14.23 -3.0899940407775004
1424 14.24 -3.0923734707896413
1425 14.25 -3.094722379289993
1426 14.26 -3.0970407431025855
1427 14.27 -3.0993285393529217
1428 14.280000000000001 -3.101585745468215
1429 14.290000000000001 -3.103812339177601
1430 14.3 -3.1060082985123634
1431 14.31 -3.1081736018061443
1432 14.32 -3.110308227695172
1433 14.33 -3.112412155118453
1434 14.34 -3.114485363317999
1435 14.35 -3.1165278318390155
1436 14.36 -3.118539540530114
1437 14.370000000000001 -3.1205204695435107
1438 14.38 -3.122470599335217
1439 14.39 -3.124389910665231
1440 14.4 -3.1262783845977387
1441 14.41 -3.1281360025012925
1442 14.42 -3.129962746048994
1443 14.43 -3.1317585972186786
1444 14.44 -3.133523538293093
1445 14.450000000000001 -3.1352575518600716
1446 14.46 -3.136960620812702
1447 14.47 -3.138632728349502
1448 14.48 -3.1402738579745777
1449 14.49 -3.141883993497797
1450 14.5 -3.143463119034938
1451 14.51 -3.145011219007854
1452 14.52 -3.1465282781446193
1453 14.530000000000001 -3.148014281479692
1454 14.540000000000001 -3.149469214354046
1455 14.55 -3.150893062415335
1456 14.56 -3.152285811618016
1457 14.57 -3.1536474482234964
1458 14.58 -3.1549779588002727
1459 14.59 -3.1562773302240563
1460 14.6 -3.1575455496779083
1461 14.61 -3.15878260465236
1462 14.620000000000001 -3.159988482945548
1463 14.63 -3.1611631726633176
1464 14.64 -3.1623066622193594
1465 14.65 -3.1634189403353083
1466 14.66 -3.164499996040861
1467 14.67 -3.1655498186738873
1468 14.68 -3.166568397880529
1469 14.69 -3.1675557236153082
1470 14.700000000000001 -3.1685117861412206
1471 14.71 -3.1694365760298373
1472 14.72 -3.1703300841613964
1473 14.73 -3.171192301724891
1474 14.74 -3.1720232202181524
1475 14.75 -3.1728228314479487
1476 14.76 -3.17359112753005
1477 14.77 -3.1743281008893125
1478 14.780000000000001 -3.175033744259756
1479 14.790000000000001 -3.1757080506846287
1480 14.8 -3.176351013516487
1481 14.81 -3.1769626264172475
1482 14.82 -3.1775428833582606
1483 14.83 -3.178091778620363
1484 14.84 -3.1786093067939456
1485 14.85 -3.1790954627789842
1486 14.86 -3.179550241785117
1487 14.870000000000001 -3.179973639331675
1488 14.88 -3.180365651247727
1489 14.89 -3.1807262736721307
1490 14.9 -3.181055503053561
1491 14.91 -3.1813533361505497
1492 14.92 -3.181619770031516
1493 14.93 -3.181854802074797
1494 14.94 -3.1820584299686727
1495 14.950000000000001 -3.182230651711389
1496 14.96 -3.182371465611177
1497 14.97 -3.1824808702862697
1498 14.98 -3.1825588646649177
1499 14.99 -3.182605447985401
1500 15.0 -3.182620619796029
1501 15.01 -3.1826043799551513
1502 15.02 -3.182556728631162
1503 15.030000000000001 -3.182477666302489
1504 15.040000000000001 -3.182367193757597
1505 15.05 -3.182225312094979
1506 15.06 -3.182052022723138
1507 15.07 -3.1818473273605887
1508 15.08 -3.1816112280358206
1509 15.09 -3.1813437270872953
1510 15.1 -3.181044827163412
1511 15.11 -3.1807145312224914
1512 15.120000000000001 -3.1803528425327356
1513 15.13 -3.179959764672205
1514 15.14 -3.179535301528779
1515 15.15 -3.1790794573001175
1516 15.16 -3.1785922364936194
1517 15.17 -3.1780736439263846
1518 15.18 -3.177523684725153
1519 15.19 -3.1769423643262686
1520 15.200000000000001 -3.176329688475616
1521 15.21 -3.175685663228568
1522 15.22 -3.1750102949499257
1523 15.23 -3.1743035903138543
1524 15.24 -3.1735655563038208
1525 15.25 -3.1727962002125163
1526 15.26 -3.1719955296417948
1527 15.27 -3.1711635525025956
1528 15.280000000000001 -3.17030027701486
1529 15.290000000000001 -3.169405711707456
1530 15.3 -3.168479865418087
1531 15.31 -3.167522747293217
1532 15.32 -3.166534366787968
1533 15.33 -3.1655147336660323
1534 15.34 -3.164463857999578
1535 15.35 -3.1633817501691426
1536 15.36 -3.162268420863541
1537 15.370000000000001 -3.1611238810797517
1538 15.38 -3.1599481421228113
1539 15.39 -3.158741215605699
1540 15.4 -3.157503113449237
1541 15.41 -3.1562338478819467
1542 15.42 -3.154933431439956
1543 15.43 -3.1536018769668543
1544 15.44 -3.1522391976135795
1545 15.450000000000001 -3.1508454068382803
1546 15.46 -3.149420518406186
1547 15.47 -3.147964546389477
1548 15.48 -3.1464775051671303
1549 15.49 -3.1449594094247946
1550 15.5 -3.1434102741546344
1551 15.51 -3.141830114655188
1552 15.52 -3.1402189465312147
1553 15.530000000000001 -3.1385767856935365
1554 15.540000000000001 -3.136903648358892
1555 15.55 -3.135199551049766
1556 15.56 -3.133464510594228
1557 15.57 -3.1316985441257716
1558 15.58 -3.129901669083143
1559 15.59 -3.128073903210166
1560 15.6 -3.126215264555571
1561 15.610000000000001 -3.1243257714728108
1562 15.620000000000001 -3.1224054426198924
1563 15.63 -3.1204542969591755
1564 15.64 -3.1184723537571992
1565 15.65 -3.116459632584487
1566 15.66 -3.1144161533153505
1567 15.67 -3.1123419361277027
1568 15.68 -3.1102370015028455
1569 15.69 -3.1081013702252807
1570 15.700000000000001 -3.105935063382498
1571 15.71 -3.1037381023647637
1572 15.72 -3.1015105088649224
1573 15.73 -3.0992523048781675
1574 15.74 -3.096963512701836
1575 15.75 -3.094644154935181
1576 15.76 -3.092294254479154
1577 15.77 -3.0899138345361727
1578 15.780000000000001 -3.087502918609902
1579 15.790000000000001 -3.0850615305050115
1580 15.8 -3.082589694326944
1581 15.81 -3.0800874344816878
1582 15.82 -3.0775547756755173
1583 15.83 -3.0749917429147615
1584 15.84 -3.072398361505558
1585 15.85 -3.0697746570535966
1586 15.860000000000001 -3.067120655463872
1587 15.870000000000001 -3.0644363829404258
1588 15.88 -3.0617218659860876
1589 15.89 -3.058977131402216
1590 15.9 -3.056202206288433
1591 15.91 -3.0533971180423523
1592 15.92 -3.050561894359316
1593 15.93 -3.0476965632321207
1594 15.94 -3.044801152950733
1595 15.950000000000001 -3.0418756921020194
1596 15.96 -3.0389202095694614
1597 15.97 -3.035934734532867
1598 15.98 -3.0329192964680955
1599 15.99 -3.0298739251467413
1600 16.0 -3.0267986506358655
1601 16.01 -3.0236935032976913
1602 16.02 -3.0205585137893007
1603 16.03 -3.0173937130623316
1604 16.04 -3.014199132362676
1605 16.05 -3.010974803230173
1606 16.06 -3.0077207574982943
1607 16.07 -3.0044370272938234
1608 16.080000000000002 -3.001123645036558
1609 16.09 -2.9977806434389773
1610 16.1 -2.9944080555059065
1611 16.11 -2.9910059145342194
1612 16.12 -2.987574254112488
1613 16.13 -2.9841131081206647
1614 16.14 -2.9806225107297313
1615 16.15 -2.977102496401383
1616 16.16 -2.9735530998876696
1617 16.17 -2.9699743562306655
1618 16.18 -2.9663663007621173
1619 16.19 -2.962728969103094
1620 16.2 -2.959062397163643
1621 16.21 -2.9553666211424305
1622 16.22 -2.9516416775263803
1623 16.23 -2.947887603090323
1624 16.240000000000002 -2.9441044348966257
1625 16.25 -2.9402922102948352
1626 16.26 -2.936450966921294
1627 16.27 -2.932580742698784
1628 16.28 -2.928681575836144
1629 16.29 -2.924753504827901
1630 16.3 -2.9207965684538753
1631 16.31 -2.9168108057788142
1632 16.32 -2.9127962561519993
1633 16.330000000000002 -2.908752959206854
1634 16.34 -2.904680954860562
1635 16.35 -2.900580283313663
1636 16.36 -2.8964509850496647
1637 16.37 -2.8922931008346398
1638 16.38 -2.8881066717168213
1639 16.39 -2.883891739026203
1640 16.4 -2.879648344374128
1641 16.41 -2.8753765296528773
1642 16.42 -2.871076337035257
1643 16.43 -2.8667478089741882
1644 16.44 -2.862390988202276
1645 16.45 -2.8580059177313997
1646 16.46 -2.8535926408522823
1647 16.47 -2.8491512011340614
1648 16.48 -2.8446816424238666
1649 16.490000000000002 -2.840184008846382
1650 16.5 -2.8356583448034085
1651 16.51 -2.831104694973428
1652 16.52 -2.8265231043111703
1653 16.53 -2.82191361804715
1654 16.54 -2.8172762816872448
1655 16.55 -2.8126111410122245
1656 16.56 -2.8079182420773154
1657 16.57 -2.803197631211736
1658 16.580000000000002 -2.7984493550182403
1659 16.59 -2.79367346037267
1660 16.6 -2.7888699944234707
1661 16.61 -2.78403900459125
1662 16.62 -2.779180538568289
1663 16.63 -2.7742946443180836
1664 16.64 -2.7693813700748695
1665 16.65 -2.7644407643431483
1666 16.66 -2.759472875897197
1667 16.67 -2.7544777537806038
1668 16.68 -2.749455447305773
1669 16.69 -2.7444060060534365
1670 16.7 -2.739329479872181
1671 16.71 -2.734225918877928
1672 16.72 -2.72909537345347
1673 16.73 -2.7239378942479506
1674 16.740000000000002 -2.7187535321763754
1675 16.75 -2.71354233841911
1676 16.76 -2.708304364421366
1677 16.77 -2.7030396618927037
1678 16.78 -2.6977482828065167
1679 16.79 -2.692430279399521
1680 16.8 -2.6870857041712366
1681 16.81 -2.681714609883471
1682 16.82 -2.6763170495598008
1683 16.830000000000002 -2.670893076485042
1684 16.84 -2.66544274420474
1685 16.85 -2.6599661065246147
1686 16.86 -2.654463217510056
1687 16.87 -2.6489341314855714
1688 16.88 -2.643378903034269
1689 16.89 -2.637797586997287
1690 16.9 -2.6321902384732994
1691 16.91 -2.6265569128179225
1692 16.92 -2.6208976656432057
1693 16.93 -2.6152125528170664
1694 16.94 -2.6095016304627343
1695 16.95 -2.6037649549582156
1696 16.96 -2.598002582935714
1697 16.97 -2.5922145712810973
1698 16.98 -2.5864009771333114
1699 16.990000000000002 -2.5805618578838256
1700 17.0 -2.5746972711760803
1701 17.01 -2.5688072749048922
1702 17.02 -2.56289192721591
1703 17.03 -2.5569512865050106
1704 17.04 -2.55098541141776
1705 17.05 -2.544994360848791
1706 17.06 -2.538978193941267
1707 17.07 -2.532936970086258
1708 17.080000000000002 -2.5268707489221898
1709 17.09 -2.5207795903342225
1710 17.1 -2.514663554453689
1711 17.11 -2.5085227016574825
1712 17.12 -2.502357092567461
1713 17.13 -2.496166788049867
1714 17.14 -2.489951849214709
1715 17.150000000000002 -2.483712337415155
1716 17.16 -2.477448314246952
1717 17.17 -2.4711598415477836
1718 17.18 -2.464846981396703
1719 17.19 -2.4585097961134696
1720 17.2 -2.4521483482579782
1721 17.21 -2.445762700629616
1722 17.22 -2.4393529162666487
1723 17.23 -2.4329190584456093
1724 17.240000000000002 -2.426461190680654
1725 17.25 -2.4199793767229583
1726 17.26 -2.413473680560056
1727 17.27 -2.406944166415249
1728 17.28 -2.400390898746938
1729 17.29 -2.3938139422480065
1730 17.3 -2.387213361845177
1731 17.31 -2.3805892226983643
1732 17.32 -2.3739415902000376
1733 17.330000000000002 -2.367270529974581
1734 17.34 -2.360576107877643
1735 17.35 -2.3538583899954713
1736 17.36 -2.3471174426442847
1737 17.37 -2.3403533323696015
1738 17.38 -2.3335661259455884
1739 17.39 -2.326755890374403
1740 17.400000000000002 -2.319922692885531
1741 17.41 -2.31306660093513
1742 17.42 -2.306187682205347
1743 17.43 -2.29928600460366
1744 17.44 -2.292361636262216
1745 17.45 -2.285414645537146
1746 17.46 -2.278445101007895
1747 17.47 -2.271453071476551
1748 17.48 -2.264438625967154
1749 17.490000000000002 -2.2574018337250266
1750 17.5 -2.2503427642160814
1751 17.51 -2.2432614871261425
1752 17.52 -2.236158072360256
1753 17.53 -2.229032590041994
1754 17.54 -2.2218851105127753
1755 17.55 -2.214715704331156
1756 17.56 -2.20752444227215
1757 17.57 -2.2003113953265077
1758 17.580000000000002 -2.1930766347000468
1759 17.59 -2.185820231812924
1760 17.6 -2.1785422582989273
1761 17.61 -2.1712427860048047
1762 17.62 -2.163921886989505
1763 17.63 -2.156579633523509
1764 17.64 -2.149216098088096
1765 17.650000000000002 -2.14183135337463
1766 17.66 -2.1344254722838434
1767 17.67 -2.1269985279251262
1768 17.68 -2.119550593615789
1769 17.69 -2.1120817428803456
1770 17.7 -2.1045920494498054
1771 17.71 -2.097081587260911
1772 17.72 -2.089550430455441
1773 17.73 -2.0819986533794514
1774 17.740000000000002 -2.0744263305825736
1775 17.75 -2.066833536817245
1776 17.76 -2.059220347037991
1777 17.77 -2.0515868364006877
1778 17.78 -2.0439330802618034
1779 17.79 -2.0362591541776744
1780 17.8 -2.02856513390374
1781 17.81 -2.0208510953938195
1782 17.82 -2.0131171147993356
1783 17.830000000000002 -2.0053632684685834
1784 17.84 -1.9975896329459637
1785 17.85 -1.9897962849712343
1786 17.86 -1.9819833014787633
1787 17.87 -1.9741507595967338
1788 17.88 -1.9662987366464364
1789 17.89 -1.9584273101414489
1790 17.900000000000002 -1.9505365577869203
1791 17.91 -1.9426265574787784
1792 17.92 -1.9346973873029576
1793 17.93 -1.9267491255346485
1794 17.94 -1.918781850637501
1795 17.95 -1.9107956412628742
1796 17.96 -1.902790576249041
1797 17.97 -1.8947667346204238
1798 17.98 -1.8867241955867993
1799 17.990000000000002 -1.8786630385425394
1800 18.0 -1.8705833430658032
1801 18.01 -1.8624851889177627
1802 18.02 -1.8543686560418369
1803 18.03 -1.8462338245628462
1804 18.04 -1.8380807747862882
1805 18.05 -1.8299095871974984
1806 18.06 -1.8217203424608854
1807 18.07 -1.813513121419101
1808 18.080000000000002 -1.8052880050922813
1809 18.09 -1.7970450746772286
1810 18.1 -1.7887844115465974
1811 18.11 -1.7805060972481144
1812 18.12 -1.7722102135037598
1813 18.13 -1.7638968422089718
1814 18.14 -1.7555660654318217
1815 18.150000000000002 -1.7472179654122169
1816 18.16 -1.7388526245610922
1817 18.17 -1.7304701254595827
1818 18.18 -1.7220705508582288
1819 18.19 -1.7136539836761262
1820 18.2 -1.705220507000151
1821 18.21 -1.6967702040841068
1822 18.22 -1.6883031583479209
1823 18.23 -1.6798194533768012
1824 18.240000000000002 -1.6713191729204375
1825 18.25 -1.662802400892165
1826 18.26 -1.6542692213681125
1827 18.27 -1.6457197185864256
1828 18.28 -1.6371539769463652
1829 18.29 -1.6285720810075528
1830 18.3 -1.6199741154890575
1831 18.31 -1.611360165268632
1832 18.32 -1.6027303153818249
1833 18.330000000000002 -1.5940846510211504
1834 18.34 -1.5854232575352807
1835 18.35 -1.5767462204281486
1836 18.36 -1.5680536253581554
1837 18.37 -1.5593455581372933
1838 18.38 -1.550622104730321
1839 18.39 -1.541883351253885
1840 18.400000000000002 -1.5331293839757052
1841 18.41 -1.5243602893136998
1842 18.42 -1.5155761538351378
1843 18.43 -1.5067770642557878
1844 18.44 -1.4979631074390625
1845 18.45 -1.489134370395158
1846 18.46 -1.4802909402802005
1847 18.47 -1.47143290439538
1848 18.48 -1.462560350186088
1849 18.490000000000002 -1.4536733652410625
1850 18.5 -1.444772037291525
1851 18.51 -1.4358564542103007
1852 18.52 -1.4269267040109597
1853 18.53 -1.4179828748469507
1854 18.54 -1.4090250550107335
1855 18.55 -1.4000533329328917
1856 18.56 -1.3910677971812877
1857 18.57 -1.3820685364601566
1858 18.580000000000002 -1.3730556396092553
1859 18.59 -1.364029195602983
1860 18.6 -1.3549892935494778
1861 18.61 -1.3459360226897807
1862 18.62 -1.3368694723969146
1863 18.63 -1.3277897321750256
1864 18.64 -1.318696891658492
1865 18.650000000000002 -1.3095910406110391
1866 18.66 -1.3004722689248673
1867 18.67 -1.29134066661973
1868 18.68 -1.2821963238420935
1869 18.69 -1.273039330864206
1870 18.7 -1.263869778083226
1871 18.71 -1.2546877560203313
1872 18.72 -1.2454933553198195
1873 18.73 -1.236286666748212
1874 18.740000000000002 -1.2270677811933695
1875 18.75 -1.2178367896635898
1876 18.76 -1.2085937832866929
1877 18.77 -1.1993388533091487
1878 18.78 -1.1900720910951605
1879 18.79 -1.1807935881257716
1880 18.8 -1.1715034359979501
1881 18.81 -1.162201726423703
1882 18.82 -1.152888551229145
1883 18.830000000000002 -1.1435640023536315
1884 18.84 -1.1342281718488127
1885 18.85 -1.124881151877748
1886 18.86 -1.1155230347139824
1887 18.87 -1.1061539127406537
1888 18.88 -1.0967738784495573
1889 18.89 -1.0873830244402516
1890 18.900000000000002 -1.077981443419148
1891 18.91 -1.068569228198582
1892 18.92 -1.0591464716958932
1893 18.93 -1.0497132669325282
1894 18.94 -1.0402697070331115
1895 18.95 -1.0308158852245253
1896 18.96 -1.0213518948349805
1897 18.97 -1.0118778292931303
1898 18.98 -1.0023937821271005
1899 18.990000000000002 -0.9928998469636188
1900 19.0 -0.9833961175270289
1901 19.01 -0.9738826876384277
1902 19.02 -0.9643596512146981
1903 19.03 -0.954827102267588
1904 19.04 -0.945285134902818
1905 19.05 -0.9357338433190812
1906 19.06 -0.9261733218072141
1907 19.07 -0.9166036647491556
1908 19.080000000000002 -0.9070249666170902
1909 19.09 -0.8974373219725127
1910 19.1 -0.8878408254652452
1911 19.11 -0.8782355718325672
1912 19.12 -0.8686216558982149
1913 19.13 -0.8589991725715134
1914 19.14 -0.849368216846381
1915 19.150000000000002 -0.8397288838004187
1916 19.16 -0.8300812685939931
1917 19.17 -0.820425466469251
1918 19.18 -0.8107615727492163
1919 19.19 -0.8010896828368139
1920 19.2 -0.791409892213986
1921 19.21 -0.7817222964406803
1922 19.22 -0.7720269911539681
1923 19.23 -0.762324072067047
1924 19.240000000000002 -0.7526136349683537
1925 19.25 -0.7428957757205641
1926 19.26 -0.733170590259677
1927 19.27 -0.7234381745940652
1928 19.28 -0.7136986248035253
1929 19.29 -0.7039520370383308
1930 19.3 -0.6941985075182568
1931 19.31 -0.684438132531703
1932 19.32 -0.674671008434645
1933 19.330000000000002 -0.664897231649773
1934 19.34 -0.6551168986654776
1935 19.35 -0.6453301060349261
1936 19.36 -0.6355369503751263
1937 19.37 -0.6257375283659083
1938 19.38 -0.6159319367490692
1939 19.39 -0.606120272327308
1940 19.400000000000002 -0.5963026319633649
1941 19.41 -0.586479112579017
1942 19.42 -0.5766498111541161
1943 19.43 -0.5668148247256717
1944 19.44 -0.556974250386844
1945 19.45 -0.5471281852860344
1946 19.46 -0.5372767266258762
1947 19.47 -0.5274199716623276
1948 19.48 -0.5175580177036689
1949 19.490000000000002 -0.5076909621095709
1950 19.5 -0.49781890229012227
1951 19.51 -0.48794193570485156
1952 19.52 -0.4780601598618137
1953 19.53 -0.46817367231657236
1954 19.54 -0.45828257067127076
1955 19.55 -0.4483869525736619
1956 19.56 -0.43848691571614573
1957 19.57 -0.4285825578347904
1958 19.580000000000002 -0.4186739767083907
1959 19.59 -0.4087612701574983
1960 19.6 -0.39884453604343584
1961 19.61 -0.3889238722673376
1962 19.62 -0.3789993767692401
1963 19.63 -0.36907114752701276
1964 19.64 -0.35913928255546423
1965 19.650000000000002 -0.34920387990536383
1966 19.66 -0.3392650376624786
1967 19.67 -0.3293228539465609
1968 19.68 -0.31937742691043525
1969 19.69 -0.30942885473900716
1970 19.7 -0.29947723564828976
1971 19.71 -0.2895226678844409
1972 19.72 -0.2795652497228005
1973 19.73 -0.2696050794668814
1974 19.740000000000002 -0.2596422554474884
1975 19.75 -0.24967687602163124
1976 19.76 -0.2397090395716397
1977 19.77 -0.2297388445041797
1978 19.78 -0.2197663892492372
1979 19.79 -0.20979177225920864
1980 19.8 -0.19981509200788494
1981 19.81 -0.1898364469894851
1982 19.82 -0.1798559357177112
1983 19.830000000000002 -0.16987365672475718
1984 19.84 -0.15988970856032836
1985 19.85 -0.14990418979066433
1986 19.86 -0.139917198997626
1987 19.87 -0.12992883477763328
1988 19.88 -0.11993919574076628
1989 19.89 -0.10994838050972788
1990 19.900000000000002 -0.0999564877189485
1991 19.91 -0.08996361601353087
1992 19.92 -0.07996986404834061
1993 19.93 -0.06997533048699722
1994 19.94 -0.05998011400090775
1995 19.95 -0.04998431326830399
1996 19.96 -0.03998802697325843
1997 19.97 -0.029991353804707188
1998 19.98 -0.01999439245547663
1999 19.990000000000002 -0.009997241621341857
2000 20.0 0.0