n s W(s)
0 0.0 -1.2265903904164655e-12
1 0.01 0.009753029478173941
2 0.02 0.019505974299635104
3 0.03 0.029258749600245687
4 0.04 0.039011270303341894
5 0.05 0.048763451114799794
6 0.06 0.05851520653139036
7 0.07 0.06826645083938132
8 0.08 0.07801709811933843
9 0.09 0.08776706225161912
10 0.1 0.09751625691498145
11 0.11 0.10726459559161206
12 0.12 0.11701199157174158
13 0.13 0.12675835795288348
14 0.14 0.13650360764674874
15 0.15 0.14624765337860457
16 0.16 0.15599040769282402
17 0.17 0.16573178295447777
18 0.18 0.17547169135031915
19 0.19 0.1852100448988041
20 0.2 0.19494675544359508
21 0.21 0.20468173466077833
22 0.22 0.2144148940657753
23 0.23 0.22414614500793517
24 0.24 0.23387539867843565
25 0.25 0.2436025661136536
26 0.26 0.2533275581952643
27 0.27 0.26305028565401356
28 0.28 0.27277065907372444
29 0.29 0.28248858889288897
30 0.3 0.2922039854054046
31 0.31 0.30191675876737456
32 0.32 0.311626818998465
33 0.33 0.321334075983875
34 0.34 0.33103843947573397
35 0.35000000000000003 0.34073981909718176
36 0.36 0.35043812434652244
37 0.37 0.36013326459852335
38 0.38 0.3698251491068225
39 0.39 0.37951368700538035
40 0.4 0.38919878731501
41 0.41000000000000003 0.39888035894204865
42 0.42 0.40855831068179294
43 0.43 0.41823255122236214
44 0.44 0.42790298914831393
45 0.45 0.4375695329376246
46 0.46 0.4472320909749219
47 0.47000000000000003 0.4568905715398741
48 0.48 0.46654488282252027
49 0.49 0.47619493291640635
50 0.5 0.4858406298296334
51 0.51 0.49548188147949634
52 0.52 0.5051185957005462
53 0.53 0.5147506802426185
54 0.54 0.5243780427784239
55 0.55 0.5340005909020391
56 0.56 0.5436182321316405
57 0.5700000000000001 0.5532308739140284
58 0.58 0.5628384236257933
59 0.59 0.572440788577433
60 0.6 0.5820378760107614
61 0.61 0.5916295931078608
62 0.62 0.6012158469901943
63 0.63 0.6107965447182497
64 0.64 0.6203715933021154
65 0.65 0.6299408996921612
66 0.66 0.6395043707932766
67 0.67 0.6490619134609803
68 0.68 0.6586134345007757
69 0.6900000000000001 0.6681588406800181
70 0.7000000000000001 0.6776980387208127
71 0.71 0.6872309353053758
72 0.72 0.6967574370822716
73 0.73 0.7062774506625535
74 0.74 0.7157908826270685
75 0.75 0.7252976395253459
76 0.76 0.734797627878006
77 0.77 0.7442907541825168
78 0.78 0.7537769249117394
79 0.79 0.7632560465167497
80 0.8 0.7727280254312507
81 0.81 0.7821927680722807
82 0.8200000000000001 0.7916501808402501
83 0.8300000000000001 0.8011001701263538
84 0.84 0.8105426423087412
85 0.85 0.8199775037600467
86 0.86 0.8294046608440562
87 0.87 0.8388240199248997
88 0.88 0.848235487361757
89 0.89 0.8576389695176614
90 0.9 0.8670343727560414
91 0.91 0.8764216034450829
92 0.92 0.8858005679619323
93 0.93 0.8951711726905058
94 0.9400000000000001 0.9045333240276365
95 0.9500000000000001 0.9138869283837776
96 0.96 0.9232318921824954
97 0.97 0.9325681218669866
98 0.98 0.9418955238987756
99 0.99 0.9512140047600939
100 1.0 0.9605234709589707
101 1.01 0.9698238290262369
102 1.02 0.9791149855230916
103 1.03 0.9883968470360953
104 1.04 0.9976693201896163
105 1.05 1.0069323116347357
106 1.06 1.0161857280628954
107 1.07 1.0254294762014506
108 1.08 1.0346634628153133
109 1.09 1.0438875947142119
110 1.1 1.0531017787485908
111 1.11 1.0623059218141897
112 1.12 1.0714999308563744
113 1.1300000000000001 1.0806837128653033
114 1.1400000000000001 1.0898571748859478
115 1.1500000000000001 1.0990202240158062
116 1.16 1.1081727674039517
117 1.17 1.1173147122593043
118 1.18 1.1264459658476493
119 1.19 1.1355664354951163
120 1.2 1.1446760285916096
121 1.21 1.1537746525879538
122 1.22 1.1628622150050614
123 1.23 1.1719386234268736
124 1.24 1.1810037855104376
125 1.25 1.1900576089829524
126 1.26 1.1991000016429876
127 1.27 1.208130871367775
128 1.28 1.2171501261068887
129 1.29 1.2261576738912545
130 1.3 1.235153422831198
131 1.31 1.2441372811188298
132 1.32 1.2531091570294581
133 1.33 1.2620689589262266
134 1.34 1.2710165952551975
135 1.35 1.2799519745537804
136 1.36 1.2888750054531943
137 1.37 1.2977855966694634
138 1.3800000000000001 1.306683657019919
139 1.3900000000000001 1.3155690954125134
140 1.4000000000000001 1.3244418208545223
141 1.41 1.3333017424544664
142 1.42 1.34214876941655
143 1.43 1.3509828110513293
144 1.44 1.359803776772333
145 1.45 1.368611576097143
146 1.46 1.3774061186536226
147 1.47 1.3861873141761816
148 1.48 1.394955072509367
149 1.49 1.4037093036121373
150 1.5 1.4124499175554899
151 1.51 1.4211768245248972
152 1.52 1.4298899348249616
153 1.53 1.4385891588781377
154 1.54 1.4472744072238193
155 1.55 1.4559455905282714
156 1.56 1.4646026195764392
157 1.57 1.4732454052798687
158 1.58 1.4818738586753604
159 1.59 1.4904878909291277
160 1.6 1.499087413334724
161 1.61 1.5076723373167766
162 1.62 1.516242574433571
163 1.6300000000000001 1.5247980363754792
164 1.6400000000000001 1.5333386349690699
165 1.6500000000000001 1.5418642821765633
166 1.6600000000000001 1.5503748900998726
167 1.67 1.5588703709783331
168 1.68 1.5673506371950516
169 1.69 1.5758156012742823
170 1.7 1.5842651758834716
171 1.71 1.5926992738374501
172 1.72 1.6011178080947506
173 1.73 1.6095206917666385
174 1.74 1.6179078381104688
175 1.75 1.6262791605348283
176 1.76 1.6346345726025042
177 1.77 1.6429739880301888
178 1.78 1.6512973206868065
179 1.79 1.6596044846019478
180 1.8 1.6678953939605972
181 1.81 1.6761699631072062
182 1.82 1.6844281065470916
183 1.83 1.692669738948858
184 1.84 1.7008947751431656
185 1.85 1.709103130126051
186 1.86 1.717294719058069
187 1.87 1.725469457269222
188 1.8800000000000001 1.7336272602564424
189 1.8900000000000001 1.741768043687138
190 1.9000000000000001 1.749891723401145
191 1.9100000000000001 1.7579982154074312
192 1.92 1.766087435893791
193 1.93 1.7741593012185692
194 1.94 1.7822137279184478
195 1.95 1.790250632708176
196 1.96 1.7982699324797675
197 1.97 1.8062715443057602
198 1.98 1.8142553854406103
199 1.99 1.8222213733212804
200 2.0 1.8301694255679841
201 2.0100000000000002 1.8380994599872462
202 2.02 1.846011394569123
203 2.0300000000000002 1.853905147493446
204 2.04 1.8617806371260368
205 2.05 1.869637782027274
206 2.06 1.877476500942901
207 2.07 1.885296712813279
208 2.08 1.8930983367743952
209 2.09 1.900881292150844
210 2.1 1.9086454984693493
211 2.11 1.9163908754482204
212 2.12 1.9241173430070404
213 2.13 1.9318248212621167
214 2.14 1.9395132305320555
215 2.15 1.947182491334111
216 2.16 1.9548325243893778
217 2.17 1.96246325062409
218 2.18 1.970074591165858
219 2.19 1.977666467349934
220 2.2 1.9852388007164343
221 2.21 1.9927915130162823
222 2.22 2.0003245262073754
223 2.23 2.007837762457939
224 2.24 2.0153311441456196
225 2.25 2.0228045938637322
226 2.2600000000000002 2.0302580344167254
227 2.27 2.037691388821596
228 2.2800000000000002 2.045104580313197
229 2.29 2.0524975323406984
230 2.3000000000000003 2.0598701685728216
231 2.31 2.067222412893333
232 2.32 2.0745541894088575
233 2.33 2.081865422442725
234 2.34 2.0891560365432333
235 2.35 2.0964259564761463
236 2.36 2.1036751072366364
237 2.37 2.110903414038802
238 2.38 2.1181108023245017
239 2.39 2.1252971977604744
240 2.4 2.132462526241408
241 2.41 2.1396067138910304
242 2.42 2.146729687060084
243 2.43 2.1538313723303055
244 2.44 2.160911696514848
245 2.45 2.167970586655411
246 2.46 2.175007970031796
247 2.47 2.1820237741536204
248 2.48 2.1890179267646346
249 2.49 2.1959903558484797
250 2.5 2.2029409896204832
251 2.5100000000000002 2.2098697565342107
252 2.52 2.2167765852823607
253 2.5300000000000002 2.223661404796573
254 2.54 2.230524144249099
255 2.5500000000000003 2.2373647330502706
256 2.56 2.244183100854407
257 2.57 2.2509791775577845
258 2.58 2.2577528932990063
259 2.59 2.2645041784621256
260 2.6 2.271232963675356
261 2.61 2.277939179813277
262 2.62 2.284622757996388
263 2.63 2.291283629593746
264 2.64 2.2979217262219187
265 2.65 2.3045369797463024
266 2.66 2.3111293222817615
267 2.67 2.3176986861969127
268 2.68 2.324245004108235
269 2.69 2.3307682088847876
270 2.7 2.3372682336513115
271 2.71 2.343745011784094
272 2.72 2.3501984769144286
273 2.73 2.3566285629290107
274 2.74 2.3630352039706572
275 2.75 2.369418334440173
276 2.7600000000000002 2.375777888994488
277 2.77 2.3821138025488438
278 2.7800000000000002 2.3884260102778363
279 2.79 2.3947144476169626
280 2.8000000000000003 2.400979050259796
281 2.81 2.4072197541649523
282 2.82 2.413436495547817
283 2.83 2.4196292108921256
284 2.84 2.4257978369391893
285 2.85 2.431942310698574
286 2.86 2.4380625694445115
287 2.87 2.444158550714018
288 2.88 2.4502301923123717
289 2.89 2.4562774323092214
290 2.9 2.462300209045708
291 2.91 2.4682984611268566
292 2.92 2.474272127429881
293 2.93 2.4802211470972324
294 2.94 2.486145459546318
295 2.95 2.4920450044619606
296 2.96 2.4979197218018
297 2.97 2.5037695517942176
298 2.98 2.509594434942109
299 2.99 2.5153943120187208
300 3.0 2.521169124073033
301 3.0100000000000002 2.5269188124290736
302 3.02 2.532643318683352
303 3.0300000000000002 2.538342584712794
304 3.04 2.5440165526644023
305 3.0500000000000003 2.549665164966374
306 3.06 2.555288364323367
307 3.0700000000000003 2.5608860937161175
308 3.08 2.5664582964064344
309 3.09 2.5720049159349117
310 3.1 2.577525896120129
311 3.11 2.583021181061987
312 3.12 2.588490715142207
313 3.13 2.5939344430212934
314 3.14 2.5993523096445834
315 3.15 2.60474426023875
316 3.16 2.610110240311723
317 3.17 2.6154501956566243
318 3.18 2.620764072350873
319 3.19 2.6260518167556555
320 3.2 2.631313375517564
321 3.21 2.636548695569079
322 3.22 2.6417577241262364
323 3.23 2.6469404086964445
324 3.24 2.652096697069247
325 3.25 2.6572265373247426
326 3.2600000000000002 2.662329877829862
327 3.27 2.6674066672408543
328 3.2800000000000002 2.672456854502723
329 3.29 2.6774803888482275
330 3.3000000000000003 2.682477219802937
331 3.31 2.6874472971807997
332 3.3200000000000003 2.6923905710867757
333 3.33 2.697306991917902
334 3.34 2.7021965103625405
335 3.35 2.7070590774014285
336 3.36 2.711894644306316
337 3.37 2.71670316264613
338 3.38 2.7214845842770217
339 3.39 2.7262388613545845
340 3.4 2.730965946325565
341 3.41 2.7356657919343803
342 3.42 2.740338351215563
343 3.43 2.744983577505252
344 3.44 2.7496014244306757
345 3.45 2.7541918459181502
346 3.46 2.758754796190196
347 3.47 2.7632902297645074
348 3.48 2.767798101458471
349 3.49 2.772278366387198
350 3.5 2.776730979962931
351 3.5100000000000002 2.781155897896987
352 3.52 2.7855530762003298
353 3.5300000000000002 2.7899224711826776
354 3.54 2.79426403945239
355 3.5500000000000003 2.7985777379188903
356 3.56 2.80286352379267
357 3.5700000000000003 2.8071213545831526
358 3.58 2.8113511881024777
359 3.59 2.8155529824636503
360 3.6 2.8197266960813394
361 3.61 2.8238722876713354
362 3.62 2.8279897162516257
363 3.63 2.832078941146005
364 3.64 2.8361399219783365
365 3.65 2.8401726186754246
366 3.66 2.8441769914695563
367 3.67 2.8481530008946194
368 3.68 2.852100607792309
369 3.69 2.856019773304201
370 3.7 2.859910458879707
371 3.71 2.863772626273054
372 3.72 2.867606237541626
373 3.73 2.8714112550522444
374 3.74 2.8751876414726745
375 3.75 2.8789353597808827
376 3.7600000000000002 2.88265437325963
377 3.77 2.8863446454964183
378 3.7800000000000002 2.8900061403891826
379 3.79 2.893638822140776
380 3.8000000000000003 2.897242655261973
381 3.81 2.9008176045714755
382 3.8200000000000003 2.9043636351937643
383 3.83 2.9078807125638555
384 3.84 2.9113688024241107
385 3.85 2.9148278708257287
386 3.86 2.9182578841274704
387 3.87 2.9216588090000037
388 3.88 2.925030612417263
389 3.89 2.928373261668934
390 3.9 2.9316867243522005
391 3.91 2.9349709683704077
392 3.92 2.9382259619426137
393 3.93 2.9414516735935408
394 3.94 2.9446480721602413
395 3.95 2.9478151267901858
396 3.96 2.9509528069411353
397 3.97 2.9540610823815143
398 3.98 2.9571399231912103
399 3.99 2.9601892997608985
400 4.0 2.9632091827928555
401 4.01 2.9661995433016557
402 4.0200000000000005 2.9691603526113894
403 4.03 2.972091582359969
404 4.04 2.9749932044956893
405 4.05 2.977865191282344
406 4.0600000000000005 2.980707515289474
407 4.07 2.9835201494062673
408 4.08 2.9863030668305335
409 4.09 2.9890562410718005
410 4.1 2.9917796459545016
411 4.11 2.9944732556161497
412 4.12 2.997137044506619
413 4.13 2.999770987386178
414 4.14 3.0023750593329765
415 4.15 3.0049492357360386
416 4.16 3.007493492296941
417 4.17 3.010007805033812
418 4.18 3.0124921502746176
419 4.19 3.014946504664227
420 4.2 3.01737084515943
421 4.21 3.019765149031354
422 4.22 3.0221293938649083
423 4.23 3.024463557559976
424 4.24 3.026767618329565
425 4.25 3.0290415547017346
426 4.26 3.031285345517521
427 4.2700000000000005 3.033498969932122
428 4.28 3.035682407418495
429 4.29 3.0378356377580786
430 4.3 3.039958641053886
431 4.3100000000000005 3.042051397716044
432 4.32 3.0441138884755823
433 4.33 3.046146094372549
434 4.34 3.048147996768087
435 4.3500000000000005 3.0501195773319907
436 4.36 3.0520608180515865
437 4.37 3.0539717012286403
438 4.38 3.0558522094795997
439 4.39 3.0577023257356934
440 4.4 3.059522033242949
441 4.41 3.0613113155608254
442 4.42 3.0630701565663827
443 4.43 3.06479854044958
444 4.44 3.0664964517141726
445 4.45 3.0681638751821367
446 4.46 3.069800795986559
447 4.47 3.071407199578921
448 4.48 3.07298307172141
449 4.49 3.074528398493669
450 4.5 3.0760431662900416
451 4.51 3.077527361818902
452 4.5200000000000005 3.0789809721022223
453 4.53 3.08040398448054
454 4.54 3.081796386603969
455 4.55 3.083158166441514
456 4.5600000000000005 3.0844893122741865
457 4.57 3.0857898126978682
458 4.58 3.0870596566230475
459 4.59 3.0882988332770935
460 4.6000000000000005 3.0895073321967175
461 4.61 3.0906851432382467
462 4.62 3.0918322565685514
463 4.63 3.092948662669883
464 4.64 3.094034352340273
465 4.65 3.0950893166896023
466 4.66 3.0961135471415275
467 4.67 3.0971070354374817
468 4.68 3.0980697736260723
469 4.69 3.099001754076653
470 4.7 3.0999029694681326
471 4.71 3.100773412794851
472 4.72 3.101613077362728
473 4.73 3.102421956794039
474 4.74 3.103200045020671
475 4.75 3.1039473362919736
476 4.76 3.1046638251664334
477 4.7700000000000005 3.105349506517996
478 4.78 3.106004375534006
479 4.79 3.106628427712188
480 4.8 3.107221658865356
481 4.8100000000000005 3.107784065116867
482 4.82 3.108315642905062
483 4.83 3.108816388977317
484 4.84 3.1092863003972155
485 4.8500000000000005 3.1097253745373123
486 4.86 3.110133609082709
487 4.87 3.1105110020314655
488 4.88 3.1108575516920354
489 4.89 3.1111732566859374
490 4.9 3.1114581159445436
491 4.91 3.1117121287104723
492 4.92 3.1119352945393075
493 4.93 3.11212761329665
494 4.94 3.11228908515681
495 4.95 3.112419710608407
496 4.96 3.1125194904471627
497 4.97 3.1125884257818726
498 4.98 3.1126265180306234
499 4.99 3.1126337689193306
500 5.0 3.1126101804880904
501 5.01 3.1125557550812815
502 5.0200000000000005 3.1124704953574494
503 5.03 3.1123544042823212
504 5.04 3.1122074851305115
505 5.05 3.112029741486161
506 5.0600000000000005 3.1118211772405573
507 5.07 3.1115817965972
508 5.08 3.1113116040648734
509 5.09 3.111010604459871
510 5.1000000000000005 3.110678802909675
511 5.11 3.1103162048453967
512 5.12 3.1099228160094867
513 5.13 3.109498642449317
514 5.14 3.109043690520494
515 5.15 3.108557966884767
516 5.16 3.1080414785116943
517 5.17 3.107494232675336
518 5.18 3.1069162369582344
519 5.19 3.1063074992466824
520 5.2 3.1056680277351987
521 5.21 3.10499783092213
522 5.22 3.104296917610192
523 5.23 3.103565296909288
524 5.24 3.1028029782352533
525 5.25 3.1020099713050158
526 5.26 3.101186286141292
527 5.2700000000000005 3.1003319330709687
528 5.28 3.0994469227256616
529 5.29 3.0985312660396858
530 5.3 3.0975849742507293
531 5.3100000000000005 3.096608058899413
532 5.32 3.0956005318313444
533 5.33 3.094562405190338
534 5.34 3.0934936914269002
535 5.3500000000000005 3.0923944032902497
536 5.36 3.091264553832943
537 5.37 3.090104156409211
538 5.38 3.088913224674819
539 5.39 3.0876917725861617
540 5.4 3.0864398143985383
541 5.41 3.0851573646701596
542 5.42 3.0838444382577137
543 5.43 3.0825010503181787
544 5.44 3.0811272163081256
545 5.45 3.0797229519845146
546 5.46 3.07828827340051
547 5.47 3.0768231969108726
548 5.48 3.0753277391667027
549 5.49 3.073801917115631
550 5.5 3.0722457480082426
551 5.51 3.070659249387745
552 5.5200000000000005 3.0690424390975295
553 5.53 3.0673953352740853
554 5.54 3.0657179563539643
555 5.55 3.0640103210688565
556 5.5600000000000005 3.062272448446315
557 5.57 3.0605043578072895
558 5.58 3.058706068771869
559 5.59 3.0568776012525944
560 5.6000000000000005 3.0550189754553827
561 5.61 3.053130211882447
562 5.62 3.0512113313302436
563 5.63 3.049262354887567
564 5.64 3.047283303936929
565 5.65 3.045274200151212
566 5.66 3.043235065500781
567 5.67 3.041165922244147
568 5.68 3.0390667929336104
569 5.69 3.036937700411592
570 5.7 3.0347786678134767
571 5.71 3.03258971856323
572 5.72 3.0303708763768498
573 5.73 3.0281221652589636
574 5.74 3.0258436095070635
575 5.75 3.023535233704223
576 5.76 3.021197062722784
577 5.7700000000000005 3.0188291217270518
578 5.78 3.0164314361667266
579 5.79 3.0140040317802175
580 5.8 3.011546934592353
581 5.8100000000000005 3.009060170916655
582 5.82 3.0065437673532855
583 5.83 3.003997750786638
584 5.84 3.0014221483892243
585 5.8500000000000005 2.9988169876205433
586 5.86 2.9961822962202405
587 5.87 2.9935181022175215
588 5.88 2.9908244339234216
589 5.89 2.98810131993406
590 5.9 2.9853487891303985
591 5.91 2.9825668706731037
592 5.92 2.979755594008857
593 5.93 2.976914988865694
594 5.94 2.9740450852532305
595 5.95 2.9711459134629052
596 5.96 2.968217504068768
597 5.97 2.965259887923054
598 5.98 2.962273096160331
599 5.99 2.9592571601941486
600 6.0 2.9562121117186493
601 6.01 2.953137982706899
602 6.0200000000000005 2.9500348054087553
603 6.03 2.946902612355423
604 6.04 2.943741436352255
605 6.05 2.9405513104863275
606 6.0600000000000005 2.9373322681180483
607 6.07 2.9340843428866137
608 6.08 2.930807568706925
609 6.09 2.927501979768799
610 6.1000000000000005 2.9241676105367276
611 6.11 2.920804495752705
612 6.12 2.91741267043038
613 6.13 2.9139921698590214
614 6.140000000000001 2.9105430296008734
615 6.15 2.9070652854913774
616 6.16 2.9035589736366347
617 6.17 2.900024130419112
618 6.18 2.8964607924875594
619 6.19 2.892868996768179
620 6.2 2.889248780450984
621 6.21 2.8856001810031273
622 6.22 2.8819232361558704
623 6.23 2.878217983913835
624 6.24 2.8744844625491695
625 6.25 2.8707227106006385
626 6.26 2.866932766880133
627 6.2700000000000005 2.8631146704598436
628 6.28 2.8592684606864367
629 6.29 2.8553941771673763
630 6.3 2.851491859778392
631 6.3100000000000005 2.8475615486626182
632 6.32 2.8436032842239882
633 6.33 2.839617107135794
634 6.34 2.8356030583329
635 6.3500000000000005 2.8315611790139954
636 6.36 2.827491510641856
637 6.37 2.823394094940319
638 6.38 2.819268973898083
639 6.390000000000001 2.8151161897626906
640 6.4 2.8109357850448333
641 6.41 2.8067278025167752
642 6.42 2.802492285206611
643 6.43 2.79822927640663
644 6.44 2.79393881966768
645 6.45 2.789620958797478
646 6.46 2.785275737864019
647 6.47 2.78090320119032
648 6.48 2.776503393360109
649 6.49 2.772076359211539
650 6.5 2.7676221438388637
651 6.51 2.7631407925918197
652 6.5200000000000005 2.7586323510778925
653 6.53 2.754096865157237
654 6.54 2.749534380942748
655 6.55 2.7449449448034855
656 6.5600000000000005 2.7403286033598278
657 6.57 2.7356854034856823
658 6.58 2.7310153923071425
659 6.59 2.7263186172000857
660 6.6000000000000005 2.7215951257944084
661 6.61 2.7168449659665015
662 6.62 2.712068185846867
663 6.63 2.7072648338114504
664 6.640000000000001 2.7024349584879204
665 6.65 2.6975786087513924
666 6.66 2.6926958337228797
667 6.67 2.687786682774906
668 6.68 2.682851205521203
669 6.69 2.6778894518255285
670 6.7 2.672901471797104
671 6.71 2.6678873157872616
672 6.72 2.6628470343949076
673 6.73 2.6577806784617337
674 6.74 2.6526882990729277
675 6.75 2.64756994755529
676 6.76 2.642425675479224
677 6.7700000000000005 2.6372555346574558
678 6.78 2.632059577141675
679 6.79 2.6268378552257445
680 6.8 2.6215904214441608
681 6.8100000000000005 2.61631732856889
682 6.82 2.61101862961182
683 6.83 2.6056943778246477
684 6.84 2.6003446266934134
685 6.8500000000000005 2.59496942994474
686 6.86 2.589568841539915
687 6.87 2.584142915676594
688 6.88 2.5786917067868984
689 6.890000000000001 2.5732152695419543
690 6.9 2.5677136588427842
691 6.91 2.5621869298247546
692 6.92 2.5566351378579313
693 6.93 2.5510583385453103
694 6.94 2.5454565877204374
695 6.95 2.539829941446861
696 6.96 2.5341784560221825
697 6.97 2.528502187974233
698 6.98 2.5228011940571236
699 6.99 2.5170755312566655
700 7.0 2.5113252567867903
701 7.01 2.505550428087318
702 7.0200000000000005 2.4997511028292294
703 7.03 2.493927338906772
704 7.04 2.488079194440978
705 7.05 2.4822067277798396
706 7.0600000000000005 2.476309997494731
707 7.07 2.470389062381102
708 7.08 2.4644439814588424
709 7.09 2.4584748139722947
710 7.1000000000000005 2.45248161938477
711 7.11 2.446464457384451
712 7.12 2.440423387879335
713 7.13 2.4343584709982053
714 7.140000000000001 2.4282697670902493
715 7.15 2.4221573367241476
716 7.16 2.4160212406853248
717 7.17 2.409861539982252
718 7.18 2.4036782958348724
719 7.19 2.39747156968469
720 7.2 2.391241423186777
721 7.21 2.384987918213959
722 7.22 2.3787111168515622
723 7.23 2.3724110814015944
724 7.24 2.366087874380277
725 7.25 2.3597415585144645
726 7.26 2.353372196745319
727 7.2700000000000005 2.346979852226454
728 7.28 2.3405645883191823
729 7.29 2.3341264686021006
730 7.3 2.3276655568575606
731 7.3100000000000005 2.3211819170808283
732 7.32 2.3146756134735256
733 7.33 2.3081467104469198
734 7.34 2.3015952726210855
735 7.3500000000000005 2.295021364820151
736 7.36 2.2884250520745795
737 7.37 2.2818063996233775
738 7.38 2.27516547290697
739 7.390000000000001 2.268502337572876
740 7.4 2.261817059470239
741 7.41 2.255109704653094
742 7.42 2.2483803393744566
743 7.43 2.2416290300932005
744 7.44 2.2348558434660433
745 7.45 2.228060846352207
746 7.46 2.221244105808019
747 7.47 2.21440568909199
748 7.48 2.207545663659232
749 7.49 2.200664097162324
750 7.5 2.1937610574513045
751 7.51 2.1868366125734653
752 7.5200000000000005 2.1798908307712708
753 7.53 2.172923780482215
754 7.54 2.1659355303381815
755 7.55 2.1589261491651044
756 7.5600000000000005 2.1518957059807207
757 7.57 2.1448442699972574
758 7.58 2.1377719106181488
759 7.59 2.1306786974370198
760 7.6000000000000005 2.12356470023753
761 7.61 2.116429988995172
762 7.62 2.109274633874122
763 7.63 2.1020987052242504
764 7.640000000000001 2.0949022735868255
765 7.65 2.0876854096867348
766 7.66 2.0804481844392058
767 7.67 2.073190668941308
768 7.68 2.0659129344761595
769 7.69 2.0586150525134173
770 7.7 2.0512970947050775
771 7.71 2.043959132884659
772 7.72 2.036601239068908
773 7.73 2.02922348545723
774 7.74 2.0218259444292954
775 7.75 2.0144086885453447
776 7.76 2.0069717905429414
777 7.7700000000000005 1.9995153233411784
778 7.78 1.9920393600379072
779 7.79 1.984543973904323
780 7.8 1.9770292383928663
781 7.8100000000000005 1.9694952271295563
782 7.82 1.9619420139166124
783 7.83 1.9543696727309054
784 7.84 1.94677827772297
785 7.8500000000000005 1.9391679032168696
786 7.86 1.931538623709983
787 7.87 1.9238905138692886
788 7.88 1.9162236485364375
789 7.890000000000001 1.9085381027214012
790 7.9 1.900833951603552
791 7.91 1.8931112705315485
792 7.92 1.8853701350239191
793 7.930000000000001 1.877610620766447
794 7.94 1.8698328036106275
795 7.95 1.8620367595746075
796 7.96 1.8542225648434965
797 7.97 1.846390295764536
798 7.98 1.8385400288530533
799 7.99 1.8306718407834168
800 8.0 1.8227858083957997
801 8.01 1.8148820086906667
802 8.02 1.8069605188311684
803 8.03 1.7990214161401852
804 8.040000000000001 1.7910647781004343
805 8.05 1.7830906823550592
806 8.06 1.775099206702123
807 8.07 1.7670904291013017
808 8.08 1.759064427668072
809 8.09 1.7510212806718926
810 8.1 1.742961066542179
811 8.11 1.7348838638587836
812 8.120000000000001 1.7267897513574297
813 8.13 1.7186788079282493
814 8.14 1.7105511126124
815 8.15 1.7024067446032305
816 8.16 1.6942457832459255
817 8.17 1.6860683080357646
818 8.18 1.6778743986177744
819 8.19 1.669664134785279
820 8.2 1.6614375964818962
821 8.21 1.6531948637963652
822 8.22 1.6449360169641665
823 8.23 1.636661136369483
824 8.24 1.6283703025401906
825 8.25 1.6200635961475527
826 8.26 1.6117410980092828
827 8.27 1.603402889084677
828 8.28 1.5950490504748274
829 8.290000000000001 1.5866796634225722
830 8.3 1.5782948093136682
831 8.31 1.569894569673174
832 8.32 1.5614790261622744
833 8.33 1.55304826058628
834 8.34 1.5446023548834162
835 8.35 1.5361413911337891
836 8.36 1.5276654515499146
837 8.370000000000001 1.519174618480605
838 8.38 1.5106689744131927
839 8.39 1.5021486019654446
840 8.4 1.4936135838887807
841 8.41 1.4850640030706117
842 8.42 1.4764999425256278
843 8.43 1.4679214854027762
844 8.44 1.4593287149817087
845 8.45 1.4507217146693137
846 8.46 1.4421005680044487
847 8.47 1.433465358651027
848 8.48 1.4248161704033961
849 8.49 1.416153087179623
850 8.5 1.407476193026966
851 8.51 1.3987855721152016
852 8.52 1.3900813087404558
853 8.53 1.3813634873208613
854 8.540000000000001 1.3726321923962033
855 8.55 1.3638875086334323
856 8.56 1.3551295208165541
857 8.57 1.3463583138503665
858 8.58 1.3375739727610636
859 8.59 1.328776582694772
860 8.6 1.3199662289121292
861 8.61 1.3111429967963986
862 8.620000000000001 1.3023069718421851
863 8.63 1.29345823966554
864 8.64 1.2845968859943682
865 8.65 1.2757229966699342
866 8.66 1.2668366576522274
867 8.67 1.257937955009801
868 8.68 1.2490269749233534
869 8.69 1.240103803689074
870 8.700000000000001 1.2311685277095776
871 8.71 1.2222212334988072
872 8.72 1.2132620076801715
873 8.73 1.2042909369859132
874 8.74 1.195308108254963
875 8.75 1.1863136084325774
876 8.76 1.1773075245708782
877 8.77 1.168289943826906
878 8.78 1.1592609534628835
879 8.790000000000001 1.1502206408436564
880 8.8 1.141169093438215
881 8.81 1.1321063988154236
882 8.82 1.123032644648589
883 8.83 1.1139479187092292
884 8.84 1.1048523088699795
885 8.85 1.0957459031021983
886 8.86 1.0866287894736502
887 8.870000000000001 1.077501056153558
888 8.88 1.068362791405093
889 8.89 1.0592140835856725
890 8.9 1.050055021151799
891 8.91 1.0408856926535464
892 8.92 1.0317061867310784
893 8.93 1.022516592120013
894 8.94 1.013316997647884
895 8.950000000000001 1.0041074922345032
896 8.96 0.9948881648874988
897 8.97 0.9856591047052348
898 8.98 0.9764204008756039
899 8.99 0.9671721426738102
900 9.0 0.9579144194636271
901 9.01 0.9486473206917196
902 9.02 0.939370935895532
903 9.03 0.930085354693901
904 9.040000000000001 0.9207906667898342
905 9.05 0.9114869619715904
906 9.06 0.9021743301080889
907 9.07 0.8928528611509563
908 9.08 0.8835226451330556
909 9.09 0.8741837721674557
910 9.1 0.8648363324448454
911 9.11 0.8554804162357925
912 9.120000000000001 0.8461161138889324
913 9.13 0.8367435158289425
914 9.14 0.8273627125580845
915 9.15 0.8179737946514507
916 9.16 0.808576852762755
917 9.17 0.7991719776158064
918 9.18 0.7897592600081396
919 9.19 0.7803387908106032
920 9.200000000000001 0.7709106609659528
921 9.21 0.7614749614850851
922 9.22 0.7520317834498798
923 9.23 0.7425812180131217
924 9.24 0.7331233563924613
925 9.25 0.7236582898756225
926 9.26 0.7141861098146407
927 9.27 0.7047069076306585
928 9.28 0.695220774805648
929 9.290000000000001 0.6857278028883087
930 9.3 0.676228083492262
931 9.31 0.6667217082881365
932 9.32 0.6572087690156181
933 9.33 0.6476893574695595
934 9.34 0.6381635655072415
935 9.35 0.6286314850459149
936 9.36 0.6190932080613223
937 9.370000000000001 0.609548826584593
938 9.38 0.5999984327065206
939 9.39 0.5904421185728665
940 9.4 0.5808799763842885
941 9.41 0.5713120983975841
942 9.42 0.5617385769227639
943 9.43 0.552159504320457
944 9.44 0.5425749730070208
945 9.450000000000001 0.5329850754471082
946 9.46 0.5233899041581722
947 9.47 0.5137895517058126
948 9.48 0.5041841107036333
949 9.49 0.49457367381700834
950 9.5 0.4849583337540011
951 9.51 0.47533818327280386
952 9.52 0.46571331517586856
953 9.53 0.45608382230847155
954 9.540000000000001 0.44644979756374426
955 9.55 0.4368113338746724
956 9.56 0.42716852421868623
957 9.57 0.4175214616146192
958 9.58 0.40787023911958187
959 9.59 0.39821494983407746
960 9.6 0.3885556868960336
961 9.61 0.3788925434811006
962 9.620000000000001 0.36922561280503174
963 9.63 0.3595549881159741
964 9.64 0.34988076270184365
965 9.65 0.34020302988464834
966 9.66 0.3305218830186547
967 9.67 0.3208374154946796
968 9.68 0.31114972073361713
969 9.69 0.30145889218906063
970 9.700000000000001 0.2917650233457536
971 9.71 0.28206820771923447
972 9.72 0.27236853885229095
973 9.73 0.26266611031854126
974 9.74 0.25296101571725416
975 9.75 0.24325334867680226
976 9.76 0.2335432028491482
977 9.77 0.22383067191474737
978 9.78 0.21411584957508012
979 9.790000000000001 0.20439882955751187
980 9.8 0.1946797056100209
981 9.81 0.1849585715067832
982 9.82 0.17523552103749296
983 9.83 0.16551064801758741
984 9.84 0.15578404627706277
985 9.85 0.14605580966867393
986 9.86 0.13632603206029614
987 9.870000000000001 0.12659480733849193
988 9.88 0.1168622294058892
989 9.89 0.10712839217993775
990 9.9 0.097393389592483
991 9.91 0.08765731559052625
992 9.92 0.07792026413292064
993 9.93 0.06818232918976008
994 9.94 0.058443604744482514
995 9.950000000000001 0.048704184790402394
996 9.96 0.03896416332884911
997 9.97 0.02922363437311759
998 9.98 0.01948269194097918
999 9.99 0.009741430060770995
1000 10.0 -5.7235887140905106e-08
1001 10.01 -0.009741675909381797
1002 10.02 -0.01948333191634788
1003 10.03 -0.029224931210279692
1004 10.040000000000001 -0.038966379740628554
1005 10.05 -0.048707583454074665
1006 10.06 -0.05844844829614004
1007 10.07 -0.06818888021356173
1008 10.08 -0.07792878515161306
1009 10.09 -0.08766806905596525
1010 10.1 -0.0974066378749896
1011 10.11 -0.10714439756095118
1012 10.120000000000001 -0.11688125406710981
1013 10.13 -0.12661711335235992
1014 10.14 -0.13635188138196952
1015 10.15 -0.14608546412558354
1016 10.16 -0.1558177675588155
1017 10.17 -0.16554869766849833
1018 10.18 -0.17527816044425037
1019 10.19 -0.18500606189188318
1020 10.200000000000001 -0.19473230802170605
1021 10.21 -0.20445680485604356
1022 10.22 -0.21417945843172248
1023 10.23 -0.22390017479482083
1024 10.24 -0.23361886000781595
1025 10.25 -0.243335420144561
1026 10.26 -0.2530497612954079
1027 10.27 -0.2627617895668948
1028 10.28 -0.27247141108129114
1029 10.290000000000001 -0.2821785319799659
1030 10.3 -0.291883058420936
1031 10.31 -0.30158489658084875
1032 10.32 -0.311283952659025
1033 10.33 -0.3209801328751851
1034 10.34 -0.3306733434660458
1035 10.35 -0.34036349069808125
1036 10.36 -0.35005048085477597
1037 10.370000000000001 -0.35973422024854784
1038 10.38 -0.369414615212321
1039 10.39 -0.37909157210847866
1040 10.4 -0.3887649973252181
1041 10.41 -0.3984347972763018
1042 10.42 -0.4081008784043618
1043 10.43 -0.4177631471833223
1044 10.44 -0.4274215101139589
1045 10.450000000000001 -0.4370758737307767
1046 10.46 -0.4467261445974344
1047 10.47 -0.4563722293100838
1048 10.48 -0.4660140344998993
1049 10.49 -0.4756514668313514
1050 10.5 -0.4852844330026471
1051 10.51 -0.4949128397479754
1052 10.52 -0.5045365938388713
1053 10.53 -0.514155602085431
1054 10.540000000000001 -0.5237697713320841
1055 10.55 -0.5333790084645713
1056 10.56 -0.5429832204104841
1057 10.57 -0.5525823141343196
1058 10.58 -0.5621761966426106
1059 10.59 -0.5717647749873578
1060 10.6 -0.5813479562591866
1061 10.61 -0.5909256475974729
1062 10.620000000000001 -0.6004977561820084
1063 10.63 -0.6100641892400347
1064 10.64 -0.6196248540466343
1065 10.65 -0.6291796579192805
1066 10.66 -0.638728508230173
1067 10.67 -0.6482713123955577
1068 10.68 -0.6578079778821362
1069 10.69 -0.6673384122096166
1070 10.700000000000001 -0.6768625229454912
1071 10.71 -0.6863802177107843
1072 10.72 -0.6958914041827811
1073 10.73 -0.7053959900870055
1074 10.74 -0.7148938832059955
1075 10.75 -0.7243849913798996
1076 10.76 -0.7338692225012835
1077 10.77 -0.7433464845238476
1078 10.78 -0.7528166854548033
1079 10.790000000000001 -0.7622797333641387
1080 10.8 -0.7717355363785572
1081 10.81 -0.7811840026868992
1082 10.82 -0.7906250405380746
1083 10.83 -0.8000585582443378
1084 10.84 -0.8094844641789152
1085 10.85 -0.8189026667805024
1086 10.86 -0.828313074551474
1087 10.870000000000001 -0.8377155960577127
1088 10.88 -0.8471101399359924
1089 10.89 -0.856496614885188
1090 10.9 -0.8658749296745967
1091 10.91 -0.8752449931401785
1092 10.92 -0.884606714188628
1093 10.93 -0.8939600017979785
1094 10.94 -0.9033047650159318
1095 10.950000000000001 -0.9126409129597235
1096 10.96 -0.9219683548239814
1097 10.97 -0.9312869998739544
1098 10.98 -0.9405967574487093
1099 10.99 -0.9498975369647269
1100 11.0 -0.9591892479130593
1101 11.01 -0.9684717998601116
1102 11.02 -0.9777451024532553
1103 11.03 -0.9870090654151795
1104 11.040000000000001 -0.9962635985483956
1105 11.05 -1.00550861173744
1106 11.06 -1.0147440149445401
1107 11.07 -1.0239697182178702
1108 11.08 -1.0331856316826418
1109 11.09 -1.0423916655511078
1110 11.1 -1.0515877301199055
1111 11.11 -1.060773735767846
1112 11.120000000000001 -1.069949592960711
1113 11.13 -1.0791152122525318
1114 11.14 -1.0882705042816738
1115 11.15 -1.0974153797779636
1116 11.16 -1.106549749556855
1117 11.17 -1.1156735245250573
1118 11.18 -1.1247866156810247
1119 11.19 -1.1338889341127683
1120 11.200000000000001 -1.1429803910009824
1121 11.21 -1.152060897621773
1122 11.22 -1.1611303653407106
1123 11.23 -1.170188705620184
1124 11.24 -1.179235830019735
1125 11.25 -1.1882716501936628
1126 11.26 -1.1972960778918846
1127 11.27 -1.2063090249639785
1128 11.28 -1.2153104033580462
1129 11.290000000000001 -1.2243001251214949
1130 11.3 -1.2332781024010018
1131 11.31 -1.2422442474465925
1132 11.32 -1.2511984726080811
1133 11.33 -1.2601406903395045
1134 11.34 -1.269070813197203
1135 11.35 -1.2779887538431538
1136 11.36 -1.286894425042611
1137 11.370000000000001 -1.2957877396673112
1138 11.38 -1.3046686106983358
1139 11.39 -1.313536951220975
1140 11.4 -1.3223926744299774
1141 11.41 -1.3312356936298997
1142 11.42 -1.3400659222335207
1143 11.43 -1.3488832737667664
1144 11.44 -1.3576876618661444
1145 11.450000000000001 -1.3664790002787086
1146 11.46 -1.375257202867651
1147 11.47 -1.384022183608522
1148 11.48 -1.3927738565901677
1149 11.49 -1.401512136020699
1150 11.5 -1.4102369362218212
1151 11.51 -1.4189481716312784
1152 11.52 -1.4276457568089427
1153 11.53 -1.4363296064287
1154 11.540000000000001 -1.4449996352874592
1155 11.55 -1.4536557583015934
1156 11.56 -1.46229789050615
1157 11.57 -1.4709259470620495
1158 11.58 -1.4795398432507767
1159 11.59 -1.488139494475682
1160 11.6 -1.4967248162691291
1161 11.61 -1.5052957242816092
1162 11.620000000000001 -1.5138521342979345
1163 11.63 -1.5223939622226368
1164 11.64 -1.5309211240903977
1165 11.65 -1.539433536064621
1166 11.66 -1.5479311144361887
1167 11.67 -1.556413775626389
1168 11.68 -1.5648814361886494
1169 11.69 -1.5733340128063062
1170 11.700000000000001 -1.5817714222941248
1171 11.71 -1.5901935816017314
1172 11.72 -1.5986004078113183
1173 11.73 -1.6069918181397824
1174 11.74 -1.615367729939301
1175 11.75 -1.6237280606981486
1176 11.76 -1.6320727280428997
1177 11.77 -1.6404016497336897
1178 11.78 -1.6487147436755976
1179 11.790000000000001 -1.657011927906062
1180 11.8 -1.6652931206074584
1181 11.81 -1.6735582401002773
1182 11.82 -1.681807204847594
1183 11.83 -1.6900399334556866
1184 11.84 -1.6982563446720675
1185 11.85 -1.7064563573892997
1186 11.86 -1.714639890644868
1187 11.870000000000001 -1.7228068636198444
1188 11.88 -1.7309571956448764
1189 11.89 -1.7390908061946604
1190 11.9 -1.7472076148931777
1191 11.91 -1.755307541510767
1192 11.92 -1.763390505970321
1193 11.93 -1.7714564283428373
1194 11.94 -1.7795052288514697
1195 11.950000000000001 -1.7875368278687986
1196 11.96 -1.795551145921614
1197 11.97 -1.8035481036899412
1198 11.98 -1.8115276220066434
1199 11.99 -1.8194896218594039
1200 12.0 -1.8274340243929785
1201 12.01 -1.8353607509061831
1202 12.02 -1.8432697228568387
1203 12.030000000000001 -1.851160861858105
1204 12.040000000000001 -1.8590340896844566
1205 12.05 -1.8668893282683143
1206 12.06 -1.874726499701353
1207 12.07 -1.882545526236484
1208 12.08 -1.8903463302890984
1209 12.09 -1.8981288344370952
1210 12.1 -1.90589296141993
1211 12.11 -1.9136386341428064
1212 12.120000000000001 -1.9213657756715108
1213 12.13 -1.929074309243397
1214 12.14 -1.9367641582578017
1215 12.15 -1.9444352462800083
1216 12.16 -1.9520874970470672
1217 12.17 -1.9597208344598656
1218 12.18 -1.9673351825927767
1219 12.19 -1.9749304656856808
1220 12.200000000000001 -1.9825066081526757
1221 12.21 -1.9900635345776436
1222 12.22 -1.9976011697170222
1223 12.23 -2.005119438498973
1224 12.24 -2.0126182660263012
1225 12.25 -2.0200975775769123
1226 12.26 -2.027557298602396
1227 12.27 -2.034997354731047
1228 12.280000000000001 -2.042417671764909
1229 12.290000000000001 -2.049818175690689
1230 12.3 -2.0571987926650195
1231 12.31 -2.064559449026966
1232 12.32 -2.071900071295815
1233 12.33 -2.079220586170287
1234 12.34 -2.0865209205293738
1235 12.35 -2.093801001434322
1236 12.36 -2.1010607561304653
1237 12.370000000000001 -2.108300112043686
1238 12.38 -2.1155189967862924
1239 12.39 -2.122717338152512
1240 12.4 -2.1298950641263943
1241 12.41 -2.1370521028721967
1242 12.42 -2.14418838274684
1243 12.43 -2.1513038322912124
1244 12.44 -2.1583983802348072
1245 12.450000000000001 -2.1654719554988873
1246 12.46 -2.1725244871923266
1247 12.47 -2.179555904614851
1248 12.48 -2.1865661372558023
1249 12.49 -2.193555114801015
1250 12.5 -2.2005227671244967
1251 12.51 -2.2074690242960173
1252 12.52 -2.2143938165773704
1253 12.530000000000001 -2.2212970744290814
1254 12.540000000000001 -2.2281787285022645
1255 12.55 -2.2350387096490607
1256 12.56 -2.241876948915312
1257 12.57 -2.248693377546431
1258 12.58 -2.255487926984891
1259 12.59 -2.262260528872936
1260 12.6 -2.269011115053729
1261 12.61 -2.275739617568796
1262 12.620000000000001 -2.2824459686628487
1263 12.63 -2.2891301007811293
1264 12.64 -2.2957919465728978
1265 12.65 -2.3024314388900606
1266 12.66 -2.309048510788891
1267 12.67 -2.3156430955285288
1268 12.68 -2.3222151265783353
1269 12.69 -2.3287645376092385
1270 12.700000000000001 -2.3352912625010163
1271 12.71 -2.34179523534106
1272 12.72 -2.3482763904239263
1273 12.73 -2.3547346622533283
1274 12.74 -2.3611699855464465
1275 12.75 -2.3675822952254535
1276 12.76 -2.3739715264253505
1277 12.77 -2.3803376144946853
1278 12.780000000000001 -2.3866804949932003
1279 12.790000000000001 -2.393000103692465
1280 12.8 -2.399296376581276
1281 12.81 -2.4055692498581394
1282 12.82 -2.4118186599422273
1283 12.83 -2.418044543465207
1284 12.84 -2.4242468372720936
1285 12.85 -2.430425478435481
1286 12.86 -2.436580404235386
1287 12.870000000000001 -2.442711552174643
1288 12.88 -2.448818859976818
1289 12.89 -2.4549022655813886
1290 12.9 -2.4609617071531673
1291 12.91 -2.4669971230750676
1292 12.92 -2.4730084519519764
1293 12.93 -2.478995632613703
1294 12.94 -2.4849586041117036
1295 12.950000000000001 -2.490897305720459
1296 12.96 -2.4968116769441835
1297 12.97 -2.5027016575032164
1298 12.98 -2.5085671873523268
1299 12.99 -2.514408206671014
1300 13.0 -2.5202246558621155
1301 13.01 -2.5260164755620167
1302 13.02 -2.5317836066300288
1303 13.030000000000001 -2.5375259901601623
1304 13.040000000000001 -2.5432435674731053
1305 13.05 -2.5489362801208912
1306 13.06 -2.5546040698869987
1307 13.07 -2.560246878786728
1308 13.08 -2.5658646490680255
1309 13.09 -2.5714573232094438
1310 13.1 -2.5770248439300616
1311 13.11 -2.5825671541770205
1312 13.120000000000001 -2.5880841971346342
1313 13.13 -2.593575916223486
1314 13.14 -2.5990422551016223
1315 13.15 -2.604483157660809
1316 13.16 -2.6098985680326408
1317 13.17 -2.6152884305874338
1318 13.18 -2.620652689934893
1319 13.19 -2.6259912909230394
1320 13.200000000000001 -2.6313041786400646
1321 13.21 -2.6365912984139186
1322 13.22 -2.6418525958195502
1323 13.23 -2.64708801666783
1324 13.24 -2.6522975070139054
1325 13.25 -2.6574810131581756
1326 13.26 -2.6626384816442723
1327 13.27 -2.667769859259586
1328 13.280000000000001 -2.67287509303727
1329 13.290000000000001 -2.6779541302564454
1330 13.3 -2.683006918444768
1331 13.31 -2.688033405370952
1332 13.32 -2.6930335390585967
1333 13.33 -2.6980072677758713
1334 13.34 -2.702954540038938
1335 13.35 -2.707875304617545
1336 13.36 -2.7127695105279273
1337 13.370000000000001 -2.71763710703771
1338 13.38 -2.722478043666783
1339 13.39 -2.727292270187604
1340 13.4 -2.732079736623909
1341 13.41 -2.736840393252706
1342 13.42 -2.741574190603451
1343 13.43 -2.746281079465618
1344 13.44 -2.7509610108771554
1345 13.450000000000001 -2.755613936133493
1346 13.46 -2.7602398067880785
1347 13.47 -2.764838574650028
1348 13.48 -2.769410191783635
1349 13.49 -2.7739546105158652
1350 13.5 -2.778471783427946
1351 13.51 -2.7829616633613767
1352 13.52 -2.7874242034179417
1353 13.530000000000001 -2.7918593569587458
1354 13.540000000000001 -2.7962670776079577
1355 13.55 -2.800647319248853
1356 13.56 -2.805000036025305
1357 13.57 -2.80932518234809
1358 13.58 -2.813622712887863
1359 13.59 -2.81789258258069
1360 13.6 -2.822134746625217
1361 13.61 -2.8263491604853996
1362 13.620000000000001 -2.830535779892017
1363 13.63 -2.834694560840049
1364 13.64 -2.8388254595915967
1365 13.65 -2.8429284326771267
1366 13.66 -2.8470034368921233
1367 13.67 -2.851050429300365
1368 13.68 -2.85506936723921
1369 13.69 -2.859060208308655
1370 13.700000000000001 -2.863022910382327
1371 13.71 -2.86695743160368
1372 13.72 -2.8708637303864677
1373 13.73 -2.874741765417248
1374 13.74 -2.8785914956530974
1375 13.75 -2.8824128803242957
1376 13.76 -2.8862058789336515
1377 13.77 -2.889970451257355
1378 13.780000000000001 -2.8937065573469667
1379 13.790000000000001 -2.897414157529475
1380 13.8 -2.9010932124031044
1381 13.81 -2.9047436828467
1382 13.82 -2.908365530011146
1383 13.83 -2.9119587153291135
1384 13.84 -2.9155232005036495
1385 13.85 -2.9190589475225863
1386 13.86 -2.9225659186480115
1387 13.870000000000001 -2.9260440764204745
1388 13.88 -2.929493383662482
1389 13.89 -2.932913803476403
1390 13.9 -2.936305299242335
1391 13.91 -2.939667834622526
1392 13.92 -2.9430013735621756
1393 13.93 -2.9463058802864595
1394 13.94 -2.949581319302574
1395 13.950000000000001 -2.9528276554019612
1396 13.96 -2.9560448536600603
1397 13.97 -2.959232879434751
1398 13.98 -2.9623916983685206
1399 13.99 -2.965521276390021
1400 14.0 -2.9686215797120425
1401 14.01 -2.9716925748309038
1402 14.02 -2.9747342285368035
1403 14.030000000000001 -2.9777465078967964
1404 14.040000000000001 -2.9807293802724786
1405 14.05 -2.9836828133110416
1406 14.06 -2.98660677494734
1407 14.07 -2.989501233406685
1408 14.08 -2.992366157200877
1409 14.09 -2.995201515131413
1410 14.1 -2.9980072762971943
1411 14.11 -3.000783410075492
1412 14.120000000000001 -3.0035298861437028
1413 14.13 -3.0062466744682155
1414 14.14 -3.0089337453070684
1415 14.15 -3.0115910692114696
1416 14.16 -3.014218617023978
1417 14.17 -3.01681635988043
1418 14.18 -3.019384269214271
1419 14.19 -3.02192231674848
1420 14.200000000000001 -3.0244304745032053
1421 14.21 -3.0269087147937626
1422 14.22 -3.029357010227841
1423 14.23 -3.03177533371543
1424 14.24 -3.034163658455185
1425 14.25 -3.0365219579492333
1426 14.26 -3.0388502059932208
1427 14.27 -3.041148376681498
1428 14.280000000000001 -3.0434164444073346
1429 14.290000000000001 -3.0456543838621783
1430 14.3 -3.0478621700347475
1431 14.31 -3.0500397782158046
1432 14.32 -3.0521871839933823
1433 14.33 -3.0543043632609184
1434 14.34 -3.0563912922027257
1435 14.35 -3.0584479473119544
1436 14.36 -3.060474305384666
1437 14.370000000000001 -3.062470343511606
1438 14.38 -3.064436039090822
1439 14.39 -3.066371369823571
1440 14.4 -3.068276313709873
1441 14.41 -3.070150849055679
1442 14.42 -3.071994954470483
1443 14.43 -3.0738086088701664
1444 14.44 -3.0755917914719646
1445 14.450000000000001 -3.0773444817978586
1446 14.46 -3.0790666596806986
1447 14.47 -3.0807583052524166
1448 14.48 -3.0824193989528723
1449 14.49 -3.084049921531232
1450 14.5 -3.0856498540404758
1451 14.51 -3.0872191778430107
1452 14.52 -3.0887578746055695
1453 14.530000000000001 -3.0902659263077723
1454 14.540000000000001 -3.0917433152311915
1455 14.55 -3.093190023973264
1456 14.56 -3.094606035433415
1457 14.57 -3.0959913328273885
1458 14.58 -3.0973458996736554
1459 14.59 -3.0986697198047963
1460 14.6 -3.0999627773646807
1461 14.61 -3.1012250568075075
1462 14.620000000000001 -3.1024565428931083
1463 14.63 -3.1036572207000432
1464 14.64 -3.104827075615354
1465 14.65 -3.105966093337422
1466 14.66 -3.107074259878999
1467 14.67 -3.108151561563929
1468 14.68 -3.1091979850307965
1469 14.69 -3.1102135172296173
1470 14.700000000000001 -3.111198145423792
1471 14.71 -3.1121518571950304
1472 14.72 -3.1130746404337586
1473 14.73 -3.1139664833468785
1474 14.74 -3.1148273744599706
1475 14.75 -3.1156573026073744
1476 14.76 -3.116456256944197
1477 14.77 -3.1172242269401096
1478 14.780000000000001 -3.1179612023757244
1479 14.790000000000001 -3.1186671733577143
1480 14.8 -3.1193421303010993
1481 14.81 -3.1199860639412975
1482 14.82 -3.120598965332192
1483 14.83 -3.1211808258417832
1484 14.84 -3.1217316371596837
1485 14.85 -3.1222513912890193
1486 14.86 -3.1227400805544008
1487 14.870000000000001 -3.123197697599039
1488 14.88 -3.123624235384419
1489 14.89 -3.1240196871891897
1490 14.9 -3.1243840466173793
1491 14.91 -3.1247173075837864
1492 14.92 -3.1250194643300873
1493 14.93 -3.125290511415166
1494 14.94 -3.1255304437203435
1495 14.950000000000001 -3.1257392564452218
1496 14.96 -3.1259169451110367
1497 14.97 -3.126063505558122
1498 14.98 -3.126178933953959
1499 14.99 -3.126263226781532
1500 15.0 -3.1263163808484578
1501 15.01 -3.1263383932821682
1502 15.02 -3.126329261536796
1503 15.030000000000001 -3.1262889833839793
1504 15.040000000000001 -3.12621755691967
1505 15.05 -3.1261149805635142
1506 15.06 -3.125981253057894
1507 15.07 -3.125816373468112
1508 15.08 -3.125620341182895
1509 15.09 -3.125393155914608
1510 15.1 -3.1251348176989
1511 15.11 -3.1248453268974288
1512 15.120000000000001 -3.12452468419454
1513 15.13 -3.124172890597677
1514 15.14 -3.1237899474419777
1515 15.15 -3.1233758563854934
1516 15.16 -3.1229306194100275
1517 15.17 -3.1224542388266485
1518 15.18 -3.1219467172648265
1519 15.19 -3.12140805768734
1520 15.200000000000001 -3.120838263376733
1521 15.21 -3.1202373379435144
1522 15.22 -3.119605285323999
1523 15.23 -3.118942109779354
1524 15.24 -3.11824781589862
1525 15.25 -3.117522408599733
1526 15.26 -3.11676589311994
1527 15.27 -3.115978275029022
1528 15.280000000000001 -3.1151595602194675
1529 15.290000000000001 -3.1143097549135135
1530 15.3 -3.113428865661106
1531 15.31 -3.1125168993346435
1532 15.32 -3.1115738631402436
1533 15.33 -3.1105997646066896
1534 15.34 -3.109594611589685
1535 15.35 -3.1085584122767997
1536 15.36 -3.107491175179163
1537 15.370000000000001 -3.1063929091377034
1538 15.38 -3.105263623322031
1539 15.39 -3.104103327225907
1540 15.4 -3.102912030676684
1541 15.41 -3.1016897438229094
1542 15.42 -3.1004364771470136
1543 15.43 -3.0991522414599046
1544 15.44 -3.0978370478970234
1545 15.450000000000001 -3.096490907921684
1546 15.46 -3.0951138333324124
1547 15.47 -3.093705836249768
1548 15.48 -3.0922669291260974
1549 15.49 -3.090797124739481
1550 15.5 -3.0892964361994757
1551 15.51 -3.0877648769446466
1552 15.52 -3.086202460738626
1553 15.530000000000001 -3.084609201679271
1554 15.540000000000001 -3.0829851141901656
1555 15.55 -3.081330213022852
1556 15.56 -3.0796445132597157
1557 15.57 -3.077928030313096
1558 15.58 -3.076180779920783
1559 15.59 -3.074402778150862
1560 15.6 -3.072594041403619
1561 15.610000000000001 -3.0707545864067995
1562 15.620000000000001 -3.06888443021316
1563 15.63 -3.06698359020816
1564 15.64 -3.065052084107556
1565 15.65 -3.06308992995379
1566 15.66 -3.0610971461173264
1567 15.67 -3.059073751299202
1568 15.68 -3.0570197645318586
1569 15.69 -3.0549352051722067
1570 15.700000000000001 -3.052820092909073
1571 15.71 -3.0506744477573733
1572 15.72 -3.0484982900643445
1573 15.73 -3.046291640503867
1574 15.74 -3.0440545200787597
1575 15.75 -3.0417869501234662
1576 15.76 -3.03948895229464
1577 15.77 -3.0371605485830884
1578 15.780000000000001 -3.0348017613067952
1579 15.790000000000001 -3.0324126131121787
1580 15.8 -3.0299931269731246
1581 15.81 -3.0275433261941274
1582 15.82 -3.0250632344031914
1583 15.83 -3.0225528755627806
1584 15.84 -3.0200122739597717
1585 15.85 -3.0174414542098944
1586 15.860000000000001 -3.0148404412564886
1587 15.870000000000001 -3.012209260368394
1588 15.88 -3.009547937147026
1589 15.89 -3.0068564975205945
1590 15.9 -3.0041349677404057
1591 15.91 -3.0013833743891993
1592 15.92 -2.9986017443745254
1593 15.93 -2.9957901049338886
1594 15.94 -2.9929484836300517
1595 15.950000000000001 -2.990076908348591
1596 15.96 -2.987175407314517
1597 15.97 -2.984244009062756
1598 15.98 -2.98128274246519
1599 15.99 -2.9782916367199093
1600 16.0 -2.9752707213464333
1601 16.01 -2.972220026194236
1602 16.02 -2.969139581436579
1603 16.03 -2.9660294175692172
1604 16.04 -2.96288956542287
1605 16.05 -2.959720056144789
1606 16.06 -2.9565209212092967
1607 16.07 -2.9532921924185445
1608 16.080000000000002 -2.9500339018943578
1609 16.09 -2.9467460820887013
1610 16.1 -2.943428765773362
1611 16.11 -2.940081986049016
1612 16.12 -2.9367057763332696
1613 16.13 -2.933300170373954
1614 16.14 -2.9298652022397462
1615 16.15 -2.926400906321021
1616 16.16 -2.922907317333923
1617 16.17 -2.91938447031589
1618 16.18 -2.915832400627565
1619 16.19 -2.912251143950897
1620 16.2 -2.9086407362906854
1621 16.21 -2.905001213973655
1622 16.22 -2.901332613646865
1623 16.23 -2.8976349722797963
1624 16.240000000000002 -2.8939083271628974
1625 16.25 -2.890152715906332
1626 16.26 -2.886368176440378
1627 16.27 -2.882554747019789
1628 16.28 -2.8787124662108923
1629 16.29 -2.8748413729071842
1630 16.3 -2.8709415063197454
1631 16.31 -2.8670129059733185
1632 16.32 -2.86305561172081
1633 16.330000000000002 -2.8590696637262525
1634 16.34 -2.8550551024691657
1635 16.35 -2.8510119687577244
1636 16.36 -2.8469403037060914
1637 16.37 -2.8428401487520816
1638 16.38 -2.8387115456485077
1639 16.39 -2.8345545364648856
1640 16.4 -2.8303691635837325
1641 16.41 -2.826155469705995
1642 16.42 -2.8219134978508293
1643 16.43 -2.8176432913449148
1644 16.44 -2.8133448938335377
1645 16.45 -2.8090183492802723
1646 16.46 -2.8046637019542473
1647 16.47 -2.8002809964431705
1648 16.48 -2.7958702776462303
1649 16.490000000000002 -2.791431590776739
1650 16.5 -2.78696498135767
1651 16.51 -2.7824704952232295
1652 16.52 -2.77794817852687
1653 16.53 -2.773398077720728
1654 16.54 -2.768820239575156
1655 16.55 -2.764214711172322
1656 16.56 -2.759581539894768
1657 16.57 -2.754920773446713
1658 16.580000000000002 -2.7502324598307624
1659 16.59 -2.745516647360951
1660 16.6 -2.740773384664436
1661 16.61 -2.736002720667244
1662 16.62 -2.731204704608899
1663 16.63 -2.726379386031901
1664 16.64 -2.721526814782486
1665 16.65 -2.7166470410213535
1666 16.66 -2.7117401152062257
1667 16.67 -2.706806088098567
1668 16.68 -2.701845010771123
1669 16.69 -2.6968569345932565
1670 16.7 -2.6918419112387824
1671 16.71 -2.6867999926873907
1672 16.72 -2.681731231216986
1673 16.73 -2.6766356794083634
1674 16.740000000000002 -2.6715133901417474
1675 16.75 -2.6663644166030167
1676 16.76 -2.6611888122673477
1677 16.77 -2.6559866309206654
1678 16.78 -2.650757926639649
1679 16.79 -2.6455027538024254
1680 16.8 -2.640221167082693
1681 16.81 -2.6349132214527273
1682 16.82 -2.629578972184433
1683 16.830000000000002 -2.6242184748370576
1684 16.84 -2.6188317852701744
1685 16.85 -2.61341895963902
1686 16.86 -2.607980054390282
1687 16.87 -2.6025151262638886
1688 16.88 -2.5970242322983665
1689 16.89 -2.5915074298120686
1690 16.9 -2.5859647764258824
1691 16.91 -2.5803963300486785
1692 16.92 -2.5748021488783976
1693 16.93 -2.569182291398981
1694 16.94 -2.5635368163920234
1695 16.95 -2.557865782917318
1696 16.96 -2.552169250330458
1697 16.97 -2.54644727826976
1698 16.98 -2.540699926659478
1699 16.990000000000002 -2.53492725571045
1700 17.0 -2.529129325919058
1701 17.01 -2.5233061980643043
1702 17.02 -2.5174579332103093
1703 17.03 -2.511584592699407
1704 17.04 -2.50568623816325
1705 17.05 -2.499762931506453
1706 17.06 -2.4938147349206616
1707 17.07 -2.4878417108746973
1708 17.080000000000002 -2.4818439221149617
1709 17.09 -2.4758214316697007
1710 17.1 -2.469774302841458
1711 17.11 -2.463702599211601
1712 17.12 -2.4576063846335003
1713 17.13 -2.4514857232427687
1714 17.14 -2.4453406794416424
1715 17.150000000000002 -2.4391713179094694
1716 17.16 -2.432977703603889
1717 17.17 -2.4267599017429617
1718 17.18 -2.420517977824538
1719 17.19 -2.4142519976141372
1720 17.2 -2.4079620271456292
1721 17.21 -2.401648132726386
1722 17.22 -2.3953103809251033
1723 17.23 -2.3889488385831186
1724 17.240000000000002 -2.382563572801658
1725 17.25 -2.376154650953957
1726 17.26 -2.3697221406752718
1727 17.27 -2.3632661098627423
1728 17.28 -2.3567866266752375
1729 17.29 -2.350283759537632
1730 17.3 -2.3437575771357615
1731 17.31 -2.3372081484086777
1732 17.32 -2.3306355425612892
1733 17.330000000000002 -2.3240398290556
1734 17.34 -2.317421077606717
1735 17.35 -2.3107793581924057
1736 17.36 -2.304114741041417
1737 17.37 -2.297427296636389
1738 17.38 -2.2907170957166336
1739 17.39 -2.2839842092728766
1740 17.400000000000002 -2.277228708545593
1741 17.41 -2.2704506650288714
1742 17.42 -2.263650150464194
1743 17.43 -2.256827236840728
1744 17.44 -2.2499819963991534
1745 17.45 -2.2431145016225287
1746 17.46 -2.2362248252443315
1747 17.47 -2.2293130402354926
1748 17.48 -2.2223792198192136
1749 17.490000000000002 -2.2154234374558577
1750 17.5 -2.208445766845159
1751 17.51 -2.201446281933052
1752 17.52 -2.1944250569043504
1753 17.53 -2.187382166176569
1754 17.54 -2.180317684410362
1755 17.55 -2.1732316865008414
1756 17.56 -2.1661242475755493
1757 17.57 -2.1589954430007268
1758 17.580000000000002 -2.1518453483718893
1759 17.59 -2.144674039518385
1760 17.6 -2.1374815925006665
1761 17.61 -2.1302680836060617
1762 17.62 -2.1230335893524526
1763 17.63 -2.1157781864849277
1764 17.64 -2.108501951974471
1765 17.650000000000002 -2.1012049630197396
1766 17.66 -2.0938872970367655
1767 17.67 -2.08654903166995
1768 17.68 -2.079190244785778
1769 17.69 -2.071811014464757
1770 17.7 -2.064411419014011
1771 17.71 -2.056991536955614
1772 17.72 -2.049551447025461
1773 17.73 -2.0420912281791885
1774 17.740000000000002 -2.034610959587436
1775 17.75 -2.0271107206292314
1776 17.76 -2.019590590897451
1777 17.77 -2.0120506502001305
1778 17.78 -2.004490978546425
1779 17.79 -1.9969116561591314
1780 17.8 -1.989312763469485
1781 17.81 -1.9816943811065464
1782 17.82 -1.9740565899144045
1783 17.830000000000002 -1.9663994709296304
1784 17.84 -1.9587231053946361
1785 17.85 -1.951027574756857
1786 17.86 -1.943312960655689
1787 17.87 -1.9355793449315044
1788 17.88 -1.9278268096229176
1789 17.89 -1.9200554369579415
1790 17.900000000000002 -1.9122653093612598
1791 17.91 -1.9044565094553114
1792 17.92 -1.8966291200415704
1793 17.93 -1.8887832241231202
1794 17.94 -1.8809189048838064
1795 17.95 -1.8730362456951006
1796 17.96 -1.8651353301175106
1797 17.97 -1.857216241892285
1798 17.98 -1.8492790649430333
1799 17.990000000000002 -1.841323883376429
1800 18.0 -1.8333507814790693
1801 18.01 -1.825359843711258
1802 18.02 -1.8173511547171337
1803 18.03 -1.8093247993087118
1804 18.04 -1.8012808624789471
1805 18.05 -1.7932194293863866
1806 18.06 -1.7851405853642177
1807 18.07 -1.7770444159167376
1808 18.080000000000002 -1.7689310067117923
1809 18.09 -1.760800443583797
1810 18.1 -1.752652812538635
1811 18.11 -1.7444881997355388
1812 18.12 -1.7363066915027972
1813 18.13 -1.728108374326684
1814 18.14 -1.7198933348489653
1815 18.150000000000002 -1.7116616598748742
1816 18.16 -1.7034134363589928
1817 18.17 -1.6951487514139352
1818 18.18 -1.6868676923001225
1819 18.19 -1.6785703464341992
1820 18.2 -1.670256801375995
1821 18.21 -1.6619271448374597
1822 18.22 -1.6535814646755398
1823 18.23 -1.6452198488875922
1824 18.240000000000002 -1.6368423856188272
1825 18.25 -1.6284491631502647
1826 18.26 -1.6200402699047736
1827 18.27 -1.6116157944435798
1828 18.28 -1.603175825458539
1829 18.29 -1.594720451783271
1830 18.3 -1.586249762377335
1831 18.31 -1.5777638463328714
1832 18.32 -1.5692627928725216
1833 18.330000000000002 -1.5607466913441606
1834 18.34 -1.5522156312207152
1835 18.35 -1.543669702101898
1836 18.36 -1.5351089937049842
1837 18.37 -1.5265335958680986
1838 18.38 -1.5179435985525167
1839 18.39 -1.5093390918300358
1840 18.400000000000002 -1.5007201658877278
1841 18.41 -1.4920869110334571
1842 18.42 -1.4834394176707804
1843 18.43 -1.4747777763280574
1844 18.44 -1.4661020776337104
1845 18.45 -1.4574124123196093
1846 18.46 -1.4487088712271827
1847 18.47 -1.4399915452947845
1848 18.48 -1.4312605255613633
1849 18.490000000000002 -1.42251590316787
1850 18.5 -1.4137577693441266
1851 18.51 -1.4049862154199317
1852 18.52 -1.396201332818098
1853 18.53 -1.3874032130430969
1854 18.54 -1.3785919476979736
1855 18.55 -1.3697676284688711
1856 18.56 -1.3609303471216485
1857 18.57 -1.3520801955086874
1858 18.580000000000002 -1.3432172655640642
1859 18.59 -1.3343416492971372
1860 18.6 -1.325453438795087
1861 18.61 -1.3165527262202268
1862 18.62 -1.307639603804656
1863 18.63 -1.2987141638546937
1864 18.64 -1.2897764987407037
1865 18.650000000000002 -1.2808267009025052
1866 18.66 -1.2718648628423246
1867 18.67 -1.2628910771234487
1868 18.68 -1.2539054363732163
1869 18.69 -1.244908033273017
1870 18.7 -1.2358989605576447
1871 18.71 -1.2268783110232846
1872 18.72 -1.2178461775122749
1873 18.73 -1.2088026529140308
1874 18.740000000000002 -1.199747830173397
1875 18.75 -1.190681802271218
1876 18.76 -1.1816046622336778
1877 18.77 -1.1725165031331866
1878 18.78 -1.1634174180730579
1879 18.79 -1.1543075001948147
1880 18.8 -1.1451868426797258
1881 18.81 -1.1360555387291793
1882 18.82 -1.1269136815859628
1883 18.830000000000002 -1.1177613645147009
1884 18.84 -1.108598680800844
1885 18.85 -1.0994257237609908
1886 18.86 -1.0902425867279817
1887 18.87 -1.0810493630502709
1888 18.88 -1.0718461460983537
1889 18.89 -1.062633029247868
1890 18.900000000000002 -1.0534101058911176
1891 18.91 -1.0441774694313324
1892 18.92 -1.0349352132692626
1893 18.93 -1.0256834308199387
1894 18.94 -1.0164222154928169
1895 18.95 -1.0071516606985913
1896 18.96 -0.9978718598472636
1897 18.97 -0.9885829063386353
1898 18.98 -0.9792848935669873
1899 18.990000000000002 -0.9699779149202037
1900 19.0 -0.9606620637646746
1901 19.01 -0.9513374334559845
1902 19.02 -0.9420041173366709
1903 19.03 -0.9326622087183978
1904 19.04 -0.9233118008952736
1905 19.05 -0.9139529871418404
1906 19.06 -0.9045858606917392
1907 19.07 -0.8952105147620326
1908 19.080000000000002 -0.8858270425304084
1909 19.09 -0.8764355371301384
1910 19.1 -0.8670360916777327
1911 19.11 -0.8576287992268732
1912 19.12 -0.8482137528021418
1913 19.13 -0.8387910453780343
1914 19.14 -0.8293607698753984
1915 19.150000000000002 -0.8199230191732898
1916 19.16 -0.810477886091082
1917 19.17 -0.8010254633915181
1918 19.18 -0.7915658437789226
1919 19.19 -0.7820991199036342
1920 19.2 -0.7726253843336508
1921 19.21 -0.7631447295862994
1922 19.22 -0.7536572481022148
1923 19.23 -0.7441630322505048
1924 19.240000000000002 -0.7346621743216328
1925 19.25 -0.7251547665365727
1926 19.26 -0.7156409010234679
1927 19.27 -0.7061206698379756
1928 19.28 -0.6965941649378244
1929 19.29 -0.6870614782043738
1930 19.3 -0.6775227014155867
1931 19.31 -0.667977926256274
1932 19.32 -0.6584272443263153
1933 19.330000000000002 -0.6488707471029507
1934 19.34 -0.6393085259773539
1935 19.35 -0.6297406722310388
1936 19.36 -0.620167277025665
1937 19.37 -0.6105884314209877
1938 19.38 -0.601004226365367
1939 19.39 -0.5914147526742202
1940 19.400000000000002 -0.5818201010547197
1941 19.41 -0.5722203620841411
1942 19.42 -0.5626156262139874
1943 19.43 -0.5530059837661279
1944 19.44 -0.5433915249283592
1945 19.45 -0.5337723397533107
1946 19.46 -0.524148518156327
1947 19.47 -0.5145201499055627
1948 19.48 -0.504887324627652
1949 19.490000000000002 -0.49525013180145105
1950 19.5 -0.485608660753833
1951 19.51 -0.4759630006525297
1952 19.52 -0.46631324052022993
1953 19.53 -0.45665946919973077
1954 19.54 -0.44700177539059194
1955 19.55 -0.43734024760771373
1956 19.56 -0.42767497420667766
1957 19.57 -0.41800604336945923
1958 19.580000000000002 -0.40833354309587744
1959 19.59 -0.39865756120946116
1960 19.6 -0.38897818535165474
1961 19.61 -0.37929550297242987
1962 19.62 -0.3696096013378458
1963 19.63 -0.35992056752381973
1964 19.64 -0.35022848839863396
1965 19.650000000000002 -0.3405334506415638
1966 19.66 -0.3308355407294359
1967 19.67 -0.3211348449247504
1968 19.68 -0.3114314492864221
1969 19.69 -0.3017254396648168
1970 19.7 -0.29201690168267325
1971 19.71 -0.2823059207565728
1972 19.72 -0.27259258206955694
1973 19.73 -0.2628769705865617
1974 19.740000000000002 -0.2531591710381784
1975 19.75 -0.24343926792239845
1976 19.76 -0.233717345499469
1977 19.77 -0.22399348779668804
1978 19.78 -0.21426777858531443
1979 19.79 -0.20454030140434254
1980 19.8 -0.19481113953100726
1981 19.81 -0.18508037599237426
1982 19.82 -0.17534809356123038
1983 19.830000000000002 -0.16561437474538243
1984 19.84 -0.15587930178232012
1985 19.85 -0.14614295665674648
1986 19.86 -0.13640542106643938
1987 19.87 -0.1266667764428473
1988 19.88 -0.11692710393491046
1989 19.89 -0.10718648440725986
1990 19.900000000000002 -0.0974449984390029
1991 19.91 -0.08770272632394494
1992 19.92 -0.07795974805396111
1993 19.93 -0.06821614333190051
1994 19.94 -0.05847199154950411
1995 19.95 -0.04872737180295761
1996 19.96 -0.038982362877194476
1997 19.97 -0.029237043236772287
1998 19.98 -0.019491491043322706
1999 19.990000000000002 -0.00974578412851404
2000 20.0 -1.3791437114941016e-12