n s W(s)
0 0.0 2.832928099715386e-13
1 0.01 0.01888537696757281
2 0.02 0.03777026441633424
3 0.03 0.05665417544510554
4 0.04 0.07553662598520283
5 0.05 0.09441713480066227
6 0.06 0.11329522347130416
7 0.07 0.13217041638877802
8 0.08 0.1510422407425478
9 0.09 0.1699102265081771
10 0.1 0.18877390644248337
11 0.11 0.20763281606913964
12 0.12 0.22648649367067186
13 0.13 0.24533448027832594
14 0.14 0.2641763196600482
15 0.15 0.28301155831494995
16 0.16 0.3018397454583095
17 0.17 0.32066043301521985
18 0.18 0.3394731756119498
19 0.19 0.3582775305587602
20 0.2 0.3770730578497541
21 0.21 0.39585932014787506
22 0.22 0.4146358827741512
23 0.23 0.43340231370050697
24 0.24 0.4521581835407096
25 0.25 0.47090306553807526
26 0.26 0.48963653555766307
27 0.27 0.5083581720766808
28 0.28 0.5270675561738738
29 0.29 0.5457642715190181
30 0.3 0.5644479043691808
31 0.31 0.5831180435521564
32 0.32 0.6017742804597459
33 0.33 0.6204162090387317
34 0.34 0.6390434257822708
35 0.35000000000000003 0.6576555297206044
36 0.36 0.6762521224073526
37 0.37 0.69483280791634
38 0.38 0.7133971928269558
39 0.39 0.7319448862217035
40 0.4 0.7504754996671492
41 0.41000000000000003 0.7689886472141767
42 0.42 0.7874839453846469
43 0.43 0.805961013160946
44 0.44 0.8244194719796303
45 0.45 0.842858945721753
46 0.46 0.8612790606988172
47 0.47000000000000003 0.8796794456546486
48 0.48 0.8980597317446763
49 0.49 0.91641955253513
50 0.5 0.934758543989636
51 0.51 0.9530763444614339
52 0.52 0.9713725946850307
53 0.53 0.9896469377684483
54 0.54 1.00789901918042
55 0.55 1.0261284867440468
56 0.56 1.044334990631505
57 0.5700000000000001 1.0625181833481463
58 0.58 1.0806777197291453
59 0.59 1.0988132569257907
60 0.6 1.1169244544049128
61 0.61 1.1350109739313616
62 0.62 1.1530724795645888
63 0.63 1.17110863764945
64 0.64 1.1891191168029422
65 0.65 1.2071035879161318
66 0.66 1.2250617241329742
67 0.67 1.2429932008497264
68 0.68 1.2608976957050455
69 0.6900000000000001 1.2787748885696075
70 0.7000000000000001 1.2966244615389346
71 0.71 1.3144460989276272
72 0.72 1.3322394872548138
73 0.73 1.3500043152413426
74 0.74 1.367740273796926
75 0.75 1.385447056017398
76 0.76 1.4031243571725263
77 0.77 1.420771874695685
78 0.78 1.4383893081805468
79 0.79 1.4559763593711068
80 0.8 1.4735327321508986
81 0.81 1.4910581325378676
82 0.8200000000000001 1.5085522686759116
83 0.8300000000000001 1.526014850823854
84 0.84 1.5434455913527731
85 0.85 1.5608442047319144
86 0.86 1.578210407525006
87 0.87 1.5955439183786986
88 0.88 1.6128444580180759
89 0.89 1.6301117492354802
90 0.9 1.647345516884874
91 0.91 1.6645454878733066
92 0.92 1.6817113911521826
93 0.93 1.6988429577108963
94 0.9400000000000001 1.7159399205658232
95 0.9500000000000001 1.733002014754918
96 0.96 1.7500289773322049
97 0.97 1.7670205473543312
98 0.98 1.7839764658757264
99 0.99 1.800896475943576
100 1.0 1.8177803225841878
101 1.01 1.8346277528013673
102 1.02 1.8514385155617372
103 1.03 1.868212361795873
104 1.04 1.884949044381635
105 1.05 1.9016483181437493
106 1.06 1.918309939841416
107 1.07 1.934933668162536
108 1.08 1.9515192637174845
109 1.09 1.9680664890291268
110 1.1 1.9845751085253873
111 1.11 2.001044888536647
112 1.12 2.017475597278942
113 1.1300000000000001 2.0338670048565852
114 1.1400000000000001 2.0502188832465507
115 1.1500000000000001 2.066531006296305
116 1.16 2.0828031497150583
117 1.17 2.09903509106541
118 1.18 2.115226609756739
119 1.19 2.1313774870376427
120 1.2 2.14748750598854
121 1.21 2.163556451516225
122 1.22 2.1795841103422298
123 1.23 2.1955702710005234
124 1.24 2.2115147238279143
125 1.25 2.2274172609565035
126 1.26 2.2432776763074997
127 1.27 2.2590957655818826
128 1.28 2.2748713262588858
129 1.29 2.290604157581157
130 1.3 2.306294060554933
131 1.31 2.321940837936438
132 1.32 2.3375442942307814
133 1.33 2.3531042356793392
134 1.34 2.3686204702587617
135 1.35 2.384092807669795
136 1.36 2.399521059328247
137 1.37 2.4149050383661432
138 1.3800000000000001 2.4302445596158684
139 1.3900000000000001 2.4455394396108865
140 1.4000000000000001 2.460789496571657
141 1.41 2.4759945504028984
142 1.42 2.491154422689281
143 1.43 2.506268936682389
144 1.44 2.521337917296986
145 1.45 2.536361191107215
146 1.46 2.551338586333184
147 1.47 2.566269932840992
148 1.48 2.5811550621318595
149 1.49 2.5959938073353186
150 1.5 2.610786003206318
151 1.51 2.625531486115463
152 1.52 2.6402300940403762
153 1.53 2.654881666564169
154 1.54 2.669486044868467
155 1.55 2.684043071717902
156 1.56 2.698552591467923
157 1.57 2.7130144500456126
158 1.58 2.727428494951603
159 1.59 2.7417945752470416
160 1.6 2.756112541553378
161 1.61 2.7703822460421392
162 1.62 2.7846035424270426
163 1.6300000000000001 2.7987762859628553
164 1.6400000000000001 2.812900333433639
165 1.6500000000000001 2.826975543150631
166 1.6600000000000001 2.8410017749415353
167 1.67 2.8549788901495177
168 1.68 2.868906751621214
169 1.69 2.8827852237036957
170 1.7 2.896614172239417
171 1.71 2.910393464556165
172 1.72 2.9241229694651274
173 1.73 2.9378025572481192
174 1.74 2.951432099660561
175 1.75 2.965011469917446
176 1.76 2.9785405426917535
177 1.77 2.9920191941035306
178 1.78 3.005447301722249
179 1.79 3.0188247445490184
180 1.8 3.0321514030209293
181 1.81 3.0454271590007203
182 1.82 3.0586518957699376
183 1.83 3.071825498022587
184 1.84 3.084947851863003
185 1.85 3.0980188447933443
186 1.86 3.11103836571705
187 1.87 3.1240063049219557
188 1.8800000000000001 3.136922554082574
189 1.8900000000000001 3.1497870062505484
190 1.9000000000000001 3.1625995558488604
191 1.9100000000000001 3.175360098668822
192 1.92 3.1880685318575956
193 1.93 3.200724753920621
194 1.94 3.2133286647111383
195 1.95 3.225880165422815
196 1.96 3.2383791585890442
197 1.97 3.250825548072857
198 1.98 3.263219239062824
199 1.99 3.275560138066485
200 2.0 3.2878481529064842
201 2.0100000000000002 3.300083192711714
202 2.02 3.3122651679156228
203 2.0300000000000002 3.3243939902471773
204 2.04 3.336469572727804
205 2.05 3.348491829661185
206 2.06 3.3604606766350216
207 2.07 3.372376030508974
208 2.08 3.3842378094098784
209 2.09 3.396045932731756
210 2.1 3.407800321121634
211 2.11 3.419500896481825
212 2.12 3.4311475819590136
213 2.13 3.4427403019429157
214 2.14 3.4542789820559925
215 2.15 3.4657635491534684
216 2.16 3.4771939313137636
217 2.17 3.488570057833318
218 2.18 3.4998918592237125
219 2.19 3.5111592672052154
220 2.2 3.5223722147004253
221 2.21 3.5335306358285337
222 2.22 3.5446344659019715
223 2.23 3.5556836414192396
224 2.24 3.566678100062191
225 2.25 3.5776177806861575
226 2.2600000000000002 3.5885026233188597
227 2.27 3.5993325691543028
228 2.2800000000000002 3.610107560545913
229 2.29 3.6208275410032584
230 2.3000000000000003 3.631492455183661
231 2.31 3.642102248892293
232 2.32 3.652656869070853
233 2.33 3.6631562637986192
234 2.34 3.673600382280199
235 2.35 3.683989174848854
236 2.36 3.694322592952034
237 2.37 3.7046005891551204
238 2.38 3.714823117130109
239 2.39 3.7249901316530725
240 2.4 3.7351015885996475
241 2.41 3.745157444936382
242 2.42 3.755157658721899
243 2.43 3.765102189095714
244 2.44 3.7749909962765216
245 2.45 3.784824041559851
246 2.46 3.7946012873035215
247 2.47 3.804322696934314
248 2.48 3.8139882349364242
249 2.49 3.823597866844999
250 2.5 3.833151559247881
251 2.5100000000000002 3.8426492797761966
252 2.52 3.8520909970983084
253 2.5300000000000002 3.8614766809197505
254 2.54 3.8708063019709726
255 2.5500000000000003 3.8800798320119014
256 2.56 3.8892972438209696
257 2.57 3.8984585111885437
258 2.58 3.907563608920192
259 2.59 3.9166125128226525
260 2.6 3.9256051997071353
261 2.61 3.934541647376541
262 2.62 3.9434218346288077
263 2.63 3.9522457412466565
264 2.64 3.9610133479944736
265 2.65 3.969724636615368
266 2.66 3.9783795898246552
267 2.67 3.986978191302228
268 2.68 3.9955204256961494
269 2.69 4.004006278611506
270 2.7 4.0124357366046866
271 2.71 4.020808787185345
272 2.72 4.029125418805769
273 2.73 4.037385620859865
274 2.74 4.045589383676656
275 2.75 4.053736698515401
276 2.7600000000000002 4.061827557563646
277 2.77 4.069861953930911
278 2.7800000000000002 4.077839881644884
279 2.79 4.085761335645117
280 2.8000000000000003 4.093626311781158
281 2.81 4.101434806805862
282 2.82 4.109186818374489
283 2.83 4.116882345033751
284 2.84 4.124521386226824
285 2.85 4.132103942279535
286 2.86 4.139630014400339
287 2.87 4.147099604677656
288 2.88 4.154512716073064
289 2.89 4.16186935241636
290 2.9 4.169169518403223
291 2.91 4.176413219590778
292 2.92 4.183600462390899
293 2.93 4.190731254070251
294 2.94 4.197805602739777
295 2.95 4.20482351735712
296 2.96 4.211785007718255
297 2.97 4.218690084454394
298 2.98 4.225538759027913
299 2.99 4.232331043728095
300 3.0 4.239066951667326
301 3.0100000000000002 4.245746496775077
302 3.02 4.252369693797441
303 3.0300000000000002 4.258936558286479
304 3.04 4.265447106605123
305 3.0500000000000003 4.2719013559170165
306 3.06 4.278299324180814
307 3.0700000000000003 4.284641030153182
308 3.08 4.290926493376972
309 3.09 4.297155734182432
310 3.1 4.3033287736818195
311 3.11 4.309445633763687
312 3.12 4.315506337090618
313 3.13 4.321510907095032
314 3.14 4.327459367975109
315 3.15 4.3333517446886916
316 3.16 4.339188062954854
317 3.17 4.344968349243281
318 3.18 4.350692630774617
319 3.19 4.356360935514786
320 3.2 4.361973292171854
321 3.21 4.367529730191748
322 3.22 4.373030279755795
323 3.23 4.378474971772292
324 3.24 4.3838638378794315
325 3.25 4.389196910436674
326 3.2600000000000002 4.39447422252168
327 3.27 4.399695807926172
328 3.2800000000000002 4.404861701153671
329 3.29 4.409971937417502
330 3.3000000000000003 4.415026552629634
331 3.31 4.420025583405369
332 3.3200000000000003 4.424969067054455
333 3.33 4.429857041578792
334 3.34 4.434689545668668
335 3.35 4.439466618699392
336 3.36 4.444188300728342
337 3.37 4.448854632485528
338 3.38 4.4534656553822956
339 3.39 4.458021411492943
340 3.4 4.462521943561512
341 3.41 4.466967294991875
342 3.42 4.4713575098516785
343 3.43 4.475692632858646
344 3.44 4.4799727093853505
345 3.45 4.484197785450775
346 3.46 4.488367907719777
347 3.47 4.492483123497429
348 3.48 4.496543480726437
349 3.49 4.500549027982018
350 3.5 4.504499814472162
351 3.5100000000000002 4.508395890029554
352 3.52 4.512237305109721
353 3.5300000000000002 4.516024110789452
354 3.54 4.519756358761882
355 3.5500000000000003 4.523434101331077
356 3.56 4.527057391411212
357 3.5700000000000003 4.530626282523194
358 3.58 4.534140828788672
359 3.59 4.537601084928028
360 3.6 4.541007106258874
361 3.61 4.544358948689606
362 3.62 4.547656668718396
363 3.63 4.550900323426049
364 3.64 4.554089970477001
365 3.65 4.557225668115194
366 3.66 4.560307475157906
367 3.67 4.563335450994984
368 3.68 4.5663096555836376
369 3.69 4.569230149448423
370 3.7 4.57209699367413
371 3.71 4.5749102499024445
372 3.72 4.577669980334207
373 3.73 4.580376247717432
374 3.74 4.583029115354442
375 3.75 4.585628647087141
376 3.7600000000000002 4.588174907303113
377 3.77 4.590667960928741
378 3.7800000000000002 4.593107873424103
379 3.79 4.595494710783271
380 3.8000000000000003 4.5978285395288125
381 3.81 4.600109426709793
382 3.8200000000000003 4.602337439899138
383 3.83 4.604512647187228
384 3.84 4.606635117182186
385 3.85 4.608704919005433
386 3.86 4.610722122289175
387 3.87 4.612686797171214
388 3.88 4.614599014295841
389 3.89 4.616458844806274
390 3.9 4.618266360342368
391 3.91 4.620021633043088
392 3.92 4.621724735534123
393 3.93 4.623375740932055
394 3.94 4.624974722840342
395 3.95 4.626521755342274
396 3.96 4.62801691300043
397 3.97 4.62946027085745
398 3.98 4.630851904425285
399 3.99 4.63219188968845
400 4.0 4.6334803030988425
401 4.01 4.634717221570817
402 4.0200000000000005 4.635902722483301
403 4.03 4.637036883670923
404 4.04 4.638119783426582
405 4.05 4.639151500491117
406 4.0600000000000005 4.6401321140620695
407 4.07 4.641061703775691
408 4.08 4.6419403497187375
409 4.09 4.642768132415583
410 4.1 4.643545132829651
411 4.11 4.644271432358181
412 4.12 4.644947112831723
413 4.13 4.645572256512025
414 4.14 4.646146946083974
415 4.15 4.6466712646580035
416 4.16 4.647145295765803
417 4.17 4.647569123356199
418 4.18 4.647942831794232
419 4.19 4.648266505855688
420 4.2 4.648540230728706
421 4.21 4.64876409200626
422 4.22 4.648938175686261
423 4.23 4.649062568167018
424 4.24 4.649137356246904
425 4.25 4.649162627118301
426 4.26 4.64913846836955
427 4.2700000000000005 4.649064967977068
428 4.28 4.648942214304832
429 4.29 4.648770296103287
430 4.3 4.648549302503895
431 4.3100000000000005 4.648279323019793
432 4.32 4.647960447537315
433 4.33 4.647592766321544
434 4.34 4.647176370004715
435 4.3500000000000005 4.646711349591236
436 4.36 4.646197796451077
437 4.37 4.645635802317088
438 4.38 4.645025459284199
439 4.39 4.6443668598041015
440 4.4 4.643660096687164
441 4.41 4.642905263094271
442 4.42 4.642102452538694
443 4.43 4.641251758880593
444 4.44 4.640353276326827
445 4.45 4.639407099426094
446 4.46 4.6384133230687254
447 4.47 4.637372042480777
448 4.48 4.636283353227746
449 4.49 4.635147351204125
450 4.5 4.633964132635313
451 4.51 4.632733794076195
452 4.5200000000000005 4.631456432406303
453 4.53 4.6301321448267885
454 4.54 4.6287610288611205
455 4.55 4.627343182348696
456 4.5600000000000005 4.6258787034462046
457 4.57 4.624367690622343
458 4.58 4.622810242657756
459 4.59 4.621206458637012
460 4.6000000000000005 4.619556437956582
461 4.61 4.617860280311
462 4.62 4.61611808569819
463 4.63 4.614329954415176
464 4.64 4.612495987052753
465 4.65 4.6106162844969845
466 4.66 4.608690947925993
467 4.67 4.606720078804159
468 4.68 4.604703778886524
469 4.69 4.602642150208318
470 4.7 4.6005352950897205
471 4.71 4.598383316128157
472 4.72 4.596186316201212
473 4.73 4.593944398458284
474 4.74 4.591657666324338
475 4.75 4.589326223492321
476 4.76 4.5869501739249685
477 4.7700000000000005 4.584529621850521
478 4.78 4.582064671760698
479 4.79 4.579555428407517
480 4.8 4.577001996803531
481 4.8100000000000005 4.574404482217844
482 4.82 4.571762990173639
483 4.83 4.569077626445711
484 4.84 4.566348497060446
485 4.8500000000000005 4.5635757082915305
486 4.86 4.560759366658814
487 4.87 4.557899578924584
488 4.88 4.5549964520937465
489 4.89 4.552050093408191
490 4.9 4.549060610350004
491 4.91 4.546028110633806
492 4.92 4.542952702207188
493 4.93 4.539834493247525
494 4.94 4.53667359216427
495 4.95 4.533470107587476
496 4.96 4.530224148375503
497 4.97 4.526935823607175
498 4.98 4.523605242580665
499 4.99 4.520232514814467
500 5.0 4.516817750038598
501 5.01 4.5133610582008785
502 5.0200000000000005 4.509862549458404
503 5.03 4.506322334176595
504 5.04 4.502740522931553
505 5.05 4.499117226502335
506 5.0600000000000005 4.495452555872674
507 5.07 4.491746622225627
508 5.08 4.487999536944777
509 5.09 4.484211411611518
510 5.1000000000000005 4.480382358000597
511 5.11 4.476512488082427
512 5.12 4.472601914016366
513 5.13 4.468650748152477
514 5.14 4.464659103025575
515 5.15 4.460627091359839
516 5.16 4.4565548260582375
517 5.17 4.452442420208243
518 5.18 4.44828998707505
519 5.19 4.444097640102669
520 5.2 4.439865492907863
521 5.21 4.435593659282766
522 5.22 4.4312822531926415
523 5.23 4.426931388770377
524 5.24 4.422541180314504
525 5.25 4.418111742293618
526 5.26 4.413643189338998
527 5.2700000000000005 4.409135636242169
528 5.28 4.404589197956383
529 5.29 4.400003989592918
530 5.3 4.395380126420257
531 5.3100000000000005 4.390717723859893
532 5.32 4.386016897485121
533 5.33 4.381277763023988
534 5.34 4.376500436350824
535 5.3500000000000005 4.371685033487047
536 5.36 4.366831670599851
537 5.37 4.361940464001712
538 5.38 4.357011530142962
539 5.39 4.3520449856172405
540 5.4 4.347040947154973
541 5.41 4.3419995316231095
542 5.42 4.336920856023433
543 5.43 4.331805037489332
544 5.44 4.326652193287842
545 5.45 4.321462440811466
546 5.46 4.316235897582864
547 5.47 4.310972681249687
548 5.48 4.305672909583883
549 5.49 4.300336700480159
550 5.5 4.2949641719515625
551 5.51 4.289555442132048
552 5.5200000000000005 4.284110629270785
553 5.53 4.2786298517347205
554 5.54 4.273113228003169
555 5.55 4.267560876666806
556 5.5600000000000005 4.261972916427126
557 5.57 4.2563494660946475
558 5.58 4.250690644586186
559 5.59 4.244996570923789
560 5.6000000000000005 4.239267364234308
561 5.61 4.23350314374504
562 5.62 4.227704028783265
563 5.63 4.221870138776907
564 5.64 4.216001593248009
565 5.65 4.210098511818373
566 5.66 4.204161014197794
567 5.67 4.198189220192987
568 5.68 4.192183249698786
569 5.69 4.186143222699812
570 5.7 4.180069259266645
571 5.71 4.173961479557619
572 5.72 4.167820003814526
573 5.73 4.161644952360533
574 5.74 4.155436445599761
575 5.75 4.149194604018064
576 5.76 4.142919548177275
577 5.7700000000000005 4.136611398715289
578 5.78 4.130270276345499
579 5.79 4.1238963018544865
580 5.8 4.11748959609983
581 5.8100000000000005 4.111050280010616
582 5.82 4.10457847458224
583 5.83 4.098074300879915
584 5.84 4.091537880032519
585 5.8500000000000005 4.0849693332321095
586 5.86 4.078368781736998
587 5.87 4.071736346863119
588 5.88 4.065072149987245
589 5.89 4.058376312544155
590 5.9 4.051648956025247
591 5.91 4.044890201977395
592 5.92 4.038100172000128
593 5.93 4.0312789877462905
594 5.94 4.024426770919916
595 5.95 4.017543643272788
596 5.96 4.010629726605131
597 5.97 4.003685142764851
598 5.98 3.9967100136427263
599 5.99 3.9897044611762595
600 6.0 3.9826686073410826
601 6.01 3.97560257415725
602 6.0200000000000005 3.968506483681992
603 6.03 3.961380458011689
604 6.04 3.9542246192794437
605 6.05 3.9470390896517102
606 6.0600000000000005 3.939823991330897
607 6.07 3.9325794465507897
608 6.08 3.9253055775765944
609 6.09 3.918002506702379
610 6.1000000000000005 3.9106703562524245
611 6.11 3.90330924857642
612 6.12 3.8959193060504873
613 6.13 3.888500651073784
614 6.140000000000001 3.8810534060698387
615 6.15 3.8735776934834547
616 6.16 3.8660736357800687
617 6.17 3.8585413554421137
618 6.18 3.8509809749736377
619 6.19 3.8433926168906254
620 6.2 3.8357764037272943
621 6.21 3.828132458029927
622 6.22 3.8204609023578655
623 6.23 3.812761859282304
624 6.24 3.8050354513826647
625 6.25 3.7972818012498806
626 6.26 3.789501031477286
627 6.2700000000000005 3.7816932646709773
628 6.28 3.773858623435487
629 6.29 3.7659972303832063
630 6.3 3.7581092081267684
631 6.3100000000000005 3.750194679280966
632 6.32 3.7422537664602373
633 6.33 3.734286592276547
634 6.34 3.7262932793400836
635 6.3500000000000005 3.7182739502583075
636 6.36 3.710228727631275
637 6.37 3.70215773405495
638 6.38 3.6940610921163852
639 6.390000000000001 3.6859389243947476
640 6.4 3.67779135345819
641 6.41 3.6696185018653154
642 6.42 3.661420492162563
643 6.43 3.6531974468814923
644 6.44 3.6449494885389555
645 6.45 3.6366767396380624
646 6.46 3.6283793226627097
647 6.47 3.62005736008075
648 6.48 3.6117109743384788
649 6.49 3.6033402878635457
650 6.5 3.5949454230619864
651 6.51 3.5865265023165165
652 6.5200000000000005 3.5780836479860056
653 6.53 3.5696169824032182
654 6.54 3.5611266278779823
655 6.55 3.5526127066900557
656 6.5600000000000005 3.5440753410923236
657 6.57 3.5355146533073594
658 6.58 3.5269307655274105
659 6.59 3.518323799914114
660 6.6000000000000005 3.5096938785937937
661 6.61 3.501041123662503
662 6.62 3.4923656571777144
663 6.63 3.483667601163887
664 6.640000000000001 3.4749470776068137
665 6.65 3.4662042084537035
666 6.66 3.457439115613809
667 6.67 3.448651920956152
668 6.68 3.4398427463069368
669 6.69 3.4310117134514684
670 6.7 3.4221589441302456
671 6.71 3.4132845600407364
672 6.72 3.4043886828341385
673 6.73 3.3954714341142704
674 6.74 3.3865329354385523
675 6.75 3.3775733083161583
676 6.76 3.368592674204791
677 6.7700000000000005 3.3595911545127137
678 6.78 3.350568870596021
679 6.79 3.3415259437596916
680 6.8 3.3324624952530684
681 6.8100000000000005 3.3233786462714505
682 6.82 3.314274517954331
683 6.83 3.3051502313848005
684 6.84 3.2960059075881247
685 6.8500000000000005 3.286841667531789
686 6.86 3.2776576321222137
687 6.87 3.2684539222063904
688 6.88 3.2592306585698907
689 6.890000000000001 3.2499879619335132
690 6.9 3.240725952957888
691 6.91 3.2314447522372376
692 6.92 3.222144480300969
693 6.93 3.2128252576120104
694 6.94 3.2034872045655334
695 6.95 3.1941304414905574
696 6.96 3.184755088644934
697 6.97 3.1753612662162
698 6.98 3.165949094322613
699 6.99 3.156518693009744
700 7.0 3.147070182250843
701 7.01 3.137603681944455
702 7.0200000000000005 3.128119311914787
703 7.03 3.118617191912193
704 7.04 3.109097441608469
705 7.05 3.099560180598189
706 7.0600000000000005 3.090005528399871
707 7.07 3.0804336044506755
708 7.08 3.070844528109845
709 7.09 3.06123841865346
710 7.1000000000000005 3.051615395277466
711 7.11 3.0419755770952435
712 7.12 3.032319083137054
713 7.13 3.0226460323472963
714 7.140000000000001 3.0129565435861707
715 7.15 3.003250735628356
716 7.16 2.9935287271618733
717 7.17 2.9837906367847324
718 7.18 2.9740365830102746
719 7.19 2.9642666842587175
720 7.2 2.954481058863564
721 7.21 2.9446798250634174
722 7.22 2.9348631010091424
723 7.23 2.9250310047561783
724 7.24 2.915183654266386
725 7.25 2.9053211674100083
726 7.26 2.8954436619593764
727 7.2700000000000005 2.8855512555929153
728 7.28 2.875644065891251
729 7.29 2.865722210337438
730 7.3 2.8557858063165042
731 7.3100000000000005 2.8458349711155364
732 7.32 2.835869821920312
733 7.33 2.825890475816749
734 7.34 2.8158970497887736
735 7.3500000000000005 2.805889660718776
736 7.36 2.7958684253872406
737 7.37 2.7858334604676145
738 7.38 2.775784882533287
739 7.390000000000001 2.7657228080479683
740 7.4 2.7556473533730923
741 7.41 2.745558634762176
742 7.42 2.7354567683604643
743 7.43 2.7253418702055683
744 7.44 2.7152140562269835
745 7.45 2.70507344224292
746 7.46 2.694920143962989
747 7.47 2.6847542769841226
748 7.48 2.6745759567924665
749 7.49 2.664385298761758
750 7.5 2.6541824181511373
751 7.51 2.643967430107736
752 7.5200000000000005 2.6337404496623265
753 7.53 2.6235015917304736
754 7.54 2.613250971112606
755 7.55 2.602988702491757
756 7.5600000000000005 2.5927149004335206
757 7.57 2.5824296793858252
758 7.58 2.5721331536769725
759 7.59 2.561825437515708
760 7.6000000000000005 2.5515066449922728
761 7.61 2.541176890073345
762 7.62 2.530836286605947
763 7.63 2.5204849483144756
764 7.640000000000001 2.510122988799992
765 7.65 2.4997505215412588
766 7.66 2.489367659890277
767 7.67 2.478974517077148
768 7.68 2.468571206205638
769 7.69 2.4581578402521416
770 7.7 2.4477345320662067
771 7.71 2.4373013943720707
772 7.72 2.4268585397645666
773 7.73 2.416406080709578
774 7.74 2.4059441295435704
775 7.75 2.3954727984736053
776 7.76 2.384992199576331
777 7.7700000000000005 2.374502444796775
778 7.78 2.364003645947051
779 7.79 2.3534959147097965
780 7.8 2.3429793626316098
781 7.8100000000000005 2.3324541011271975
782 7.82 2.3219202414768887
783 7.83 2.3113778948246875
784 7.84 2.300827172180931
785 7.8500000000000005 2.2902681844195456
786 7.86 2.2797010422765425
787 7.87 2.269125856351934
788 7.88 2.2585427371089395
789 7.890000000000001 2.2479517948695644
790 7.9 2.237353139819305
791 7.91 2.2267468820029563
792 7.92 2.2161331313262167
793 7.930000000000001 2.20551199755279
794 7.94 2.194883590305622
795 7.95 2.1842480190666578
796 7.96 2.1736053931742987
797 7.97 2.1629558218264435
798 7.98 2.1522994140737666
799 7.99 2.141636278825459
800 8.0 2.1309665248459453
801 8.01 2.1202902607557377
802 8.02 2.109607595025892
803 8.03 2.098918635984731
804 8.040000000000001 2.0882234918128972
805 8.05 2.0775222705436818
806 8.06 2.0668150800635487
807 8.07 2.0561020281092794
808 8.08 2.045383222269024
809 8.09 2.0346587699834657
810 8.1 2.0239287785405367
811 8.11 2.013193355080219
812 8.120000000000001 2.00245260659149
813 8.13 1.991706639910575
814 8.14 1.9809555617228085
815 8.15 1.9701994785613834
816 8.16 1.9594384968058876
817 8.17 1.9486727226830993
818 8.18 1.937902262266519
819 8.19 1.9271272214741657
820 8.2 1.9163477060697574
821 8.21 1.9055638216617155
822 8.22 1.8947756737032648
823 8.23 1.8839833674910835
824 8.24 1.873187008164578
825 8.25 1.8623867007068498
826 8.26 1.851582549942691
827 8.27 1.8407746605386137
828 8.28 1.8299631370040004
829 8.290000000000001 1.8191480836880913
830 8.3 1.808329604780397
831 8.31 1.7975078043103139
832 8.32 1.786682786149413
833 8.33 1.7758546540053004
834 8.34 1.7650235114254968
835 8.35 1.7541894617960168
836 8.36 1.743352608340544
837 8.370000000000001 1.7325130541208864
838 8.38 1.7216709020342478
839 8.39 1.7108262548158422
840 8.4 1.6999792150366915
841 8.41 1.6891298851023606
842 8.42 1.6782783672558708
843 8.43 1.6674247635732513
844 8.44 1.6565691759662116
845 8.45 1.645711706179398
846 8.46 1.6348524557919433
847 8.47 1.6239915262162015
848 8.48 1.6131290186958012
849 8.49 1.602265034309866
850 8.5 1.5913996739662508
851 8.51 1.5805330384060028
852 8.52 1.5696652282016572
853 8.53 1.5587963437555885
854 8.540000000000001 1.5479264853024546
855 8.55 1.5370557529042372
856 8.56 1.526184246454406
857 8.57 1.5153120656759995
858 8.58 1.5044393101196079
859 8.59 1.4935660791644807
860 8.6 1.4826924720197638
861 8.61 1.4718185877202359
862 8.620000000000001 1.4609445251297757
863 8.63 1.4500703829375823
864 8.64 1.439196259661344
865 8.65 1.4283222536440547
866 8.66 1.4174484630544413
867 8.67 1.4065749858874028
868 8.68 1.3957019199634004
869 8.69 1.3848293629259842
870 8.700000000000001 1.3739574122456588
871 8.71 1.3630861652161173
872 8.72 1.352215718954099
873 8.73 1.3413461704008114
874 8.74 1.3304776163203798
875 8.75 1.3196101533001325
876 8.76 1.3087438777490519
877 8.77 1.2978788858989958
878 8.78 1.2870152738032772
879 8.790000000000001 1.2761531373371753
880 8.8 1.265292572196799
881 8.81 1.2544336738990722
882 8.82 1.243576537781422
883 8.83 1.2327212590022754
884 8.84 1.221867932538629
885 8.85 1.2110166531880537
886 8.86 1.2001675155679266
887 8.870000000000001 1.1893206141127592
888 8.88 1.1784760430772252
889 8.89 1.1676338965344826
890 8.9 1.156794268374668
891 8.91 1.1459572523061183
892 8.92 1.1351229418551014
893 8.93 1.1242914303650053
894 8.94 1.1134628109958982
895 8.950000000000001 1.1026371767236895
896 8.96 1.0918146203418502
897 8.97 1.0809952344595786
898 8.98 1.0701791115008916
899 8.99 1.0593663437067704
900 9.0 1.0485570231317638
901 9.01 1.0377512416472428
902 9.02 1.026949090936938
903 9.03 1.0161506625004506
904 9.040000000000001 1.0053560476518868
905 9.05 0.9945653375171304
906 9.06 0.9837786230379066
907 9.07 0.9729959949682723
908 9.08 0.9622175438749707
909 9.09 0.9514433601369916
910 9.1 0.9406735339481997
911 9.11 0.9299081553123898
912 9.120000000000001 0.9191473140462136
913 9.13 0.9083910997786404
914 9.14 0.8976396019486401
915 9.15 0.8868929098084948
916 9.16 0.8761511124193646
917 9.17 0.8654142986544997
918 9.18 0.8546825571980747
919 9.19 0.8439559765432705
920 9.200000000000001 0.8332346449937944
921 9.21 0.8225186506639517
922 9.22 0.811808081476812
923 9.23 0.8011030251654034
924 9.24 0.790403569271021
925 9.25 0.7797098011447048
926 9.26 0.7690218079467002
927 9.27 0.7583396766435584
928 9.28 0.747663494012528
929 9.290000000000001 0.7369933466373908
930 9.3 0.7263293209102102
931 9.31 0.7156715030317002
932 9.32 0.7050199790073037
933 9.33 0.6943748346525069
934 9.34 0.6837361555884769
935 9.35 0.673104027242502
936 9.36 0.6624785348504076
937 9.370000000000001 0.6518597634521512
938 9.38 0.6412477978960283
939 9.39 0.6306427228342244
940 9.4 0.6200446227266241
941 9.41 0.609453581837144
942 9.42 0.5988696842357228
943 9.43 0.5882930137981788
944 9.44 0.5777236542040356
945 9.450000000000001 0.5671616889391231
946 9.46 0.556607201291925
947 9.47 0.5460602743580267
948 9.48 0.5355209910353267
949 9.49 0.5249894340258265
950 9.5 0.5144656858369387
951 9.51 0.503949828778488
952 9.52 0.49344194496406146
953 9.53 0.4829421163120742
954 9.540000000000001 0.4724504245417904
955 9.55 0.4619669511779705
956 9.56 0.4514917775461811
957 9.57 0.4410249847760639
958 9.58 0.4305666538004118
959 9.59 0.4201168653522558
960 9.6 0.40967569996905695
961 9.61 0.3992432379890829
962 9.620000000000001 0.38881955955332614
963 9.63 0.378404744604353
964 9.64 0.36799887288631794
965 9.65 0.35760202394475016
966 9.66 0.3472142771271933
967 9.67 0.3368357115809886
968 9.68 0.3264664062563867
969 9.69 0.3161064399036775
970 9.700000000000001 0.3057558910732041
971 9.71 0.2954148381175372
972 9.72 0.2850833591885902
973 9.73 0.274761532238756
974 9.74 0.2644494350219446
975 9.75 0.2541471450902435
976 9.76 0.24385473979673122
977 9.77 0.2335722962948381
978 9.78 0.2232998915370672
979 9.790000000000001 0.21303760227490898
980 9.8 0.2027855050610583
981 9.81 0.19254367624596114
982 9.82 0.18231219198018778
983 9.83 0.17209112821301176
984 9.84 0.16188056069354673
985 9.85 0.15168056496835902
986 9.86 0.14149121638396878
987 9.870000000000001 0.131312590085372
988 9.88 0.12114476101537264
989 9.89 0.1109878039161174
990 9.9 0.10084179332849885
991 9.91 0.09070680358931327
992 9.92 0.08058290883630548
993 9.93 0.0704701830041472
994 9.94 0.06036869982486337
995 9.950000000000001 0.05027853282915373
996 9.96 0.04019975534497178
997 9.97 0.030132440497808943
998 9.98 0.02007666121095042
999 9.99 0.010032490205546196
1000 10.0 -1.4210854715202004e-14
1001 10.01 -0.010020737091295473
1002 10.02 -0.020029648955215862
1003 10.03 -0.030026663682278354
1004 10.040000000000001 -0.040011709565163756
1005 10.05 -0.049984715100947597
1006 10.06 -0.05994560898940904
1007 10.07 -0.0698943201328035
1008 10.08 -0.07983077763634583
1009 10.09 -0.08975491081110931
1010 10.1 -0.09966664916959189
1011 10.11 -0.10956592242736463
1012 10.120000000000001 -0.1194526605049191
1013 10.13 -0.12932679352677212
1014 10.14 -0.1391882518194194
1015 10.15 -0.1490369659146893
1016 10.16 -0.1588728665475685
1017 10.17 -0.16869588465675633
1018 10.18 -0.17850595138689584
1019 10.19 -0.18830299808348627
1020 10.200000000000001 -0.19808695629843953
1021 10.21 -0.20785775778831805
1022 10.22 -0.2176153345114784
1023 10.23 -0.22735961863334353
1024 10.24 -0.2370905425210168
1025 10.25 -0.2468080387487106
1026 10.26 -0.25651204009319883
1027 10.27 -0.266202479536517
1028 10.28 -0.2758792902656353
1029 10.290000000000001 -0.28554240567082445
1030 10.3 -0.29519175934798625
1031 10.31 -0.3048272850987104
1032 10.32 -0.3144489169274891
1033 10.33 -0.32405658904414736
1034 10.34 -0.33365023586434006
1035 10.35 -0.34322979200753423
1036 10.36 -0.3527951922980179
1037 10.370000000000001 -0.3623463717663924
1038 10.38 -0.3718832656470141
1039 10.39 -0.3814058093788617
1040 10.4 -0.39091393860771007
1041 10.41 -0.4004075891832173
1042 10.42 -0.40988669716071513
1043 10.43 -0.4193511988000722
1044 10.44 -0.4288010305666745
1045 10.450000000000001 -0.4382361291311696
1046 10.46 -0.4476564313693814
1047 10.47 -0.45706187436245216
1048 10.48 -0.46645239539692795
1049 10.49 -0.4758279319642469
1050 10.5 -0.4851884217620466
1051 10.51 -0.49453380269170566
1052 10.52 -0.5038640128625929
1053 10.53 -0.5131789905855157
1054 10.540000000000001 -0.5224786743808778
1055 10.55 -0.5317630029728093
1056 10.56 -0.5410319152893663
1057 10.57 -0.5502853504662113
1058 10.58 -0.559523247843785
1059 10.59 -0.5687455469670653
1060 10.6 -0.5779521875887212
1061 10.61 -0.5871431096635007
1062 10.620000000000001 -0.596318253355065
1063 10.63 -0.605477559030362
1064 10.64 -0.6146209672621694
1065 10.65 -0.6237484188306439
1066 10.66 -0.6328598547184328
1067 10.67 -0.6419552161157469
1068 10.68 -0.6510344444176326
1069 10.69 -0.6600974812239855
1070 10.700000000000001 -0.6691442683422224
1071 10.71 -0.6781747477833306
1072 10.72 -0.6871888617634028
1073 10.73 -0.696186552705953
1074 10.74 -0.7051677632391744
1075 10.75 -0.7141324361948591
1076 10.76 -0.7230805146137271
1077 10.77 -0.7320119417382216
1078 10.78 -0.7409266610194152
1079 10.790000000000001 -0.7498246161116526
1080 10.8 -0.758705750875265
1081 10.81 -0.7675700093766551
1082 10.82 -0.7764173358861512
1083 10.83 -0.7852476748801251
1084 10.84 -0.7940609710413327
1085 10.85 -0.8028571692556028
1086 10.86 -0.8116362146152909
1087 10.870000000000001 -0.8203980524192929
1088 10.88 -0.8291426281689951
1089 10.89 -0.8378698875724808
1090 10.9 -0.8465797765428675
1091 10.91 -0.8552722411988469
1092 10.92 -0.8639472278636475
1093 10.93 -0.8726046830651484
1094 10.94 -0.881244553536817
1095 10.950000000000001 -0.889866786217965
1096 10.96 -0.8984713282508494
1097 10.97 -0.907058126984623
1098 10.98 -0.91562712997262
1099 10.99 -0.9241782849720579
1100 11.0 -0.932711539946439
1101 11.01 -0.9412268430641433
1102 11.02 -0.9497241426969367
1103 11.03 -0.958203387422671
1104 11.040000000000001 -0.966664526022754
1105 11.05 -0.9751075074841822
1106 11.06 -0.9835322809980767
1107 11.07 -0.9919387959598112
1108 11.08 -1.0003270019698078
1109 11.09 -1.008696848832841
1110 11.1 -1.0170482865578094
1111 11.11 -1.0253812653585612
1112 11.120000000000001 -1.0336957356523442
1113 11.13 -1.0419916480614262
1114 11.14 -1.0502689534120577
1115 11.15 -1.0585276027341166
1116 11.16 -1.0667675472629128
1117 11.17 -1.0749887384372698
1118 11.18 -1.0831911278976918
1119 11.19 -1.0913746674931133
1120 11.200000000000001 -1.099539309272913
1121 11.21 -1.10768500549068
1122 11.22 -1.11581170860471
1123 11.23 -1.1239193712774522
1124 11.24 -1.1320079463731219
1125 11.25 -1.140077386960911
1126 11.26 -1.1481276463134549
1127 11.27 -1.1561586779065465
1128 11.28 -1.1641704354195213
1129 11.290000000000001 -1.172162872734475
1130 11.3 -1.1801359439376995
1131 11.31 -1.1880896033182609
1132 11.32 -1.1960238053680428
1133 11.33 -1.2039385047820161
1134 11.34 -1.2118336564588361
1135 11.35 -1.219709215499293
1136 11.36 -1.2275651372076624
1137 11.370000000000001 -1.2354013770908807
1138 11.38 -1.243217890856954
1139 11.39 -1.2510146344196897
1140 11.4 -1.2587915638925296
1141 11.41 -1.266548635592585
1142 11.42 -1.274285806040055
1143 11.43 -1.282003031956208
1144 11.44 -1.2897002702650155
1145 11.450000000000001 -1.2973774780926561
1146 11.46 -1.3050346127674288
1147 11.47 -1.3126716318193132
1148 11.48 -1.3202884929809642
1149 11.49 -1.3278851541857364
1150 11.5 -1.3354615735694892
1151 11.51 -1.3430177094699474
1152 11.52 -1.3505535204257342
1153 11.53 -1.3580689651780062
1154 11.540000000000001 -1.3655640026673552
1155 11.55 -1.373038592037858
1156 11.56 -1.380492692633993
1157 11.57 -1.3879262640005265
1158 11.58 -1.3953392658845303
1159 11.59 -1.402731658233833
1160 11.6 -1.4101034011959541
1161 11.61 -1.4174544551210602
1162 11.620000000000001 -1.4247847805581841
1163 11.63 -1.4320943382579685
1164 11.64 -1.4393830891714146
1165 11.65 -1.4466509944501382
1166 11.66 -1.4538980154452332
1167 11.67 -1.461124113709559
1168 11.68 -1.46832925099352
1169 11.69 -1.475513389249727
1170 11.700000000000001 -1.4826764906296148
1171 11.71 -1.489818517485773
1172 11.72 -1.4969394323682934
1173 11.73 -1.5040391980289058
1174 11.74 -1.511117777417894
1175 11.75 -1.5181751336847924
1176 11.76 -1.525211230178428
1177 11.77 -1.532226030448129
1178 11.78 -1.5392194982400298
1179 11.790000000000001 -1.5461915975007514
1180 11.8 -1.5531422923761369
1181 11.81 -1.5600715472094748
1182 11.82 -1.5669793265434322
1183 11.83 -1.5738655951193863
1184 11.84 -1.5807303178768706
1185 11.85 -1.5875734599531057
1186 11.86 -1.5943949866847333
1187 11.870000000000001 -1.6011948636061106
1188 11.88 -1.6079730564490262
1189 11.89 -1.614729531142956
1190 11.9 -1.621464253816697
1191 11.91 -1.6281771907949576
1192 11.92 -1.6348683086013267
1193 11.93 -1.641537573955688
1194 11.94 -1.6481849537751145
1195 11.950000000000001 -1.654810415175632
1196 11.96 -1.6614139254680111
1197 11.97 -1.6679954521613496
1198 11.98 -1.674554962962091
1199 11.99 -1.6810924257712259
1200 12.0 -1.6876078086877584
1201 12.01 -1.6941010800083518
1202 12.02 -1.7005722082229369
1203 12.030000000000001 -1.7070211620210785
1204 12.040000000000001 -1.7134479102856517
1205 12.05 -1.719852422096153
1206 12.06 -1.7262346667291126
1207 12.07 -1.7325946136563317
1208 12.08 -1.738932232544272
1209 12.09 -1.7452474932554765
1210 12.1 -1.7515403658471342
1211 12.11 -1.7578108205731127
1212 12.120000000000001 -1.7640588278820815
1213 12.13 -1.7702843584157648
1214 12.14 -1.7764873830127073
1215 12.15 -1.7826678727054883
1216 12.16 -1.788825798720353
1217 12.17 -1.7949611324808217
1218 12.18 -1.8010738456008681
1219 12.19 -1.8071639098908037
1220 12.200000000000001 -1.8132312973552445
1221 12.21 -1.8192759801918612
1222 12.22 -1.8252979307914217
1223 12.23 -1.8312971217408034
1224 12.24 -1.837273525817423
1225 12.25 -1.8432271159940257
1226 12.26 -1.849157865435231
1227 12.27 -1.8550657475000918
1228 12.280000000000001 -1.860950735740488
1229 12.290000000000001 -1.8668128038992648
1230 12.3 -1.8726519259134875
1231 12.31 -1.8784680759128776
1232 12.32 -1.8842612282193159
1233 12.33 -1.890031357345812
1234 12.34 -1.8957784379995104
1235 12.35 -1.9015024450774547
1236 12.36 -1.907203353669722
1237 12.370000000000001 -1.9128811390581575
1238 12.38 -1.9185357767148972
1239 12.39 -1.9241672423047191
1240 12.4 -1.9297755116836015
1241 12.41 -1.9353605608976423
1242 12.42 -1.9409223661848074
1243 12.43 -1.9464609039731045
1244 12.44 -1.9519761508823592
1245 12.450000000000001 -1.9574680837218068
1246 12.46 -1.9629366794912073
1247 12.47 -1.9683819153809736
1248 12.48 -1.9738037687710914
1249 12.49 -1.9792022172314176
1250 12.5 -1.9845772385226255
1251 12.51 -1.989928810593419
1252 12.52 -1.995256911583482
1253 12.530000000000001 -2.000561519820927
1254 12.540000000000001 -2.005842613823056
1255 12.55 -2.0111001722962953
1256 12.56 -2.01633417413548
1257 12.57 -2.02154459842545
1258 12.58 -2.0267314244378696
1259 12.59 -2.0318946316346214
1260 12.6 -2.037034199664113
1261 12.61 -2.042150108364197
1262 12.620000000000001 -2.047242337759549
1263 12.63 -2.052310868063614
1264 12.64 -2.0573556796759505
1265 12.65 -2.0623767531860153
1266 12.66 -2.067374069367908
1267 12.67 -2.0723476091850515
1268 12.68 -2.0772973537859727
1269 12.69 -2.0822232845075277
1270 12.700000000000001 -2.0871253828723866
1271 12.71 -2.092003630590085
1272 12.72 -2.0968580095564278
1273 12.73 -2.1016885018539924
1274 12.74 -2.1064950897491883
1275 12.75 -2.1112777556973583
1276 12.76 -2.116036482337286
1277 12.77 -2.120771252494386
1278 12.780000000000001 -2.125482049179155
1279 12.790000000000001 -2.1301688555869944
1280 12.8 -2.1348316550986013
1281 12.81 -2.1394704312801025
1282 12.82 -2.1440851678812862
1283 12.83 -2.148675848836902
1284 12.84 -2.153242458267279
1285 12.85 -2.157784980474446
1286 12.86 -2.162303399946829
1287 12.870000000000001 -2.166797701355712
1288 12.88 -2.1712678695557273
1289 12.89 -2.175713889586639
1290 12.9 -2.180135746669748
1291 12.91 -2.1845334262102796
1292 12.92 -2.188906913797446
1293 12.93 -2.1932561952014993
1294 12.94 -2.1975812563771058
1295 12.950000000000001 -2.2018820834605037
1296 12.96 -2.206158662770143
1297 12.97 -2.2104109808081844
1298 12.98 -2.214639024256549
1299 12.99 -2.2188427799809105
1300 13.0 -2.223022235028033
1301 13.01 -2.2271773766256473
1302 13.02 -2.2313081921831355
1303 13.030000000000001 -2.235414669291565
1304 13.040000000000001 -2.2394967957226726
1305 13.05 -2.2435545594286452
1306 13.06 -2.2475879485431207
1307 13.07 -2.251596951379163
1308 13.08 -2.2555815564311104
1309 13.09 -2.2595417523729964
1310 13.1 -2.26347752805885
1311 13.11 -2.267388872521707
1312 13.120000000000001 -2.271275774976189
1313 13.13 -2.275138224814043
1314 13.14 -2.2789762116076915
1315 13.15 -2.282789725108536
1316 13.16 -2.286578755246609
1317 13.17 -2.290343292130018
1318 13.18 -2.2940833260470512
1319 13.19 -2.297798847462005
1320 13.200000000000001 -2.3014898470195746
1321 13.21 -2.30515631554168
1322 13.22 -2.3087982440272015
1323 13.23 -2.312415623653642
1324 13.24 -2.3160084457763546
1325 13.25 -2.3195767019269695
1326 13.26 -2.323120383814242
1327 13.27 -2.326639483324648
1328 13.280000000000001 -2.3301339925208
1329 13.290000000000001 -2.3336039036419507
1330 13.3 -2.337049209103064
1331 13.31 -2.3404699014977624
1332 13.32 -2.3438659735924006
1333 13.33 -2.3472374183312326
1334 13.34 -2.350584228834215
1335 13.35 -2.3539063983950967
1336 13.36 -2.357203920484025
1337 13.370000000000001 -2.360476788747299
1338 13.38 -2.363724997003871
1339 13.39 -2.3669485392489946
1340 13.4 -2.370147409652148
1341 13.41 -2.3733216025569632
1342 13.42 -2.376471112481809
1343 13.43 -2.379595934117482
1344 13.44 -2.382696062329636
1345 13.450000000000001 -2.3857714921588737
1346 13.46 -2.3888222188169763
1347 13.47 -2.3918482376894374
1348 13.48 -2.3948495443365942
1349 13.49 -2.397826134488888
1350 13.5 -2.4007780040512756
1351 13.51 -2.403705149101299
1352 13.52 -2.4066075658874198
1353 13.530000000000001 -2.4094852508317786
1354 13.540000000000001 -2.41233820052706
1355 13.55 -2.4151664117385607
1356 13.56 -2.417969881403529
1357 13.57 -2.420748606628692
1358 13.58 -2.4235025846940914
1359 13.59 -2.4262318130497462
1360 13.6 -2.42893628931607
1361 13.61 -2.43161601128476
1362 13.620000000000001 -2.4342709769182562
1363 13.63 -2.4369011843477324
1364 13.64 -2.4395066318756236
1365 13.65 -2.4420873179739715
1366 13.66 -2.444643241284332
1367 13.67 -2.44717440061779
1368 13.68 -2.4496807949541974
1369 13.69 -2.452162423443589
1370 13.700000000000001 -2.454619285403794
1371 13.71 -2.4570513803217793
1372 13.72 -2.459458707852768
1373 13.73 -2.4618412678205104
1374 13.74 -2.4641990602165507
1375 13.75 -2.4665320852007753
1376 13.76 -2.468840343100524
1377 13.77 -2.471123834410598
1378 13.780000000000001 -2.473382559793393
1379 13.790000000000001 -2.4756165200780984
1380 13.8 -2.477825716260803
1381 13.81 -2.48001014950475
1382 13.82 -2.4821698211397205
1383 13.83 -2.4843047326607746
1384 13.84 -2.486414885730589
1385 13.85 -2.4885002821768936
1386 13.86 -2.4905609239938187
1387 13.870000000000001 -2.4925968133403913
1388 13.88 -2.4946079525413296
1389 13.89 -2.4965943440860343
1390 13.9 -2.4985559906300523
1391 13.91 -2.5004928949925684
1392 13.92 -2.502405060157699
1393 13.93 -2.504292489274299
1394 13.94 -2.5061551856551247
1395 13.950000000000001 -2.5079931527766206
1396 13.96 -2.509806394279437
1397 13.97 -2.511594913967599
1398 13.98 -2.5133587158089767
1399 13.99 -2.5150978039338483
1400 14.0 -2.5168121826360164
1401 14.01 -2.5185018563721826
1402 14.02 -2.520166829760882
1403 14.030000000000001 -2.521807107584401
1404 14.040000000000001 -2.5234226947857223
1405 14.05 -2.5250135964712257
1406 14.06 -2.526579817908207
1407 14.07 -2.528121364524921
1408 14.08 -2.5296382419128136
1409 14.09 -2.531130455823501
1410 14.1 -2.532598012169231
1411 14.11 -2.534040917023667
1412 14.120000000000001 -2.535459176621629
1413 14.13 -2.53685279735663
1414 14.14 -2.538221785783719
1415 14.15 -2.5395661486175243
1416 14.16 -2.5408858927331295
1417 14.17 -2.5421810251642327
1418 14.18 -2.5434515531036723
1419 14.19 -2.544697483905388
1420 14.200000000000001 -2.545918825080058
1421 14.21 -2.547115584298723
1422 14.22 -2.5482877693903276
1423 14.23 -2.5494353883421965
1424 14.24 -2.5505584492997357
1425 14.25 -2.5516569605674064
1426 14.26 -2.5527309306056694
1427 14.27 -2.5537803680339763
1428 14.280000000000001 -2.5548052816288944
1429 14.290000000000001 -2.555805680323175
1430 14.3 -2.5567815732080135
1431 14.31 -2.5577329695307824
1432 14.32 -2.558659878694641
1433 14.33 -2.559562310259764
1434 14.34 -2.560440273943314
1435 14.35 -2.561293779616989
1436 14.36 -2.562122837308806
1437 14.370000000000001 -2.5629274572023704
1438 14.38 -2.563707649636541
1439 14.39 -2.5644634251060126
1440 14.4 -2.5651947942587228
1441 14.41 -2.565901767899021
1442 14.42 -2.5665843569851177
1443 14.43 -2.5672425726295884
1444 14.44 -2.5678764260987563
1445 14.450000000000001 -2.568485928813949
1446 14.46 -2.5690710923485227
1447 14.47 -2.5696319284309155
1448 14.48 -2.5701684489421126
1449 14.49 -2.5706806659162353
1450 14.5 -2.5711685915404487
1451 14.51 -2.5716322381541445
1452 14.52 -2.572071618249872
1453 14.530000000000001 -2.5724867444719166
1454 14.540000000000001 -2.572877629617146
1455 14.55 -2.573244286633731
1456 14.56 -2.5735867286219545
1457 14.57 -2.5739049688329416
1458 14.58 -2.5741990206697167
1459 14.59 -2.5744688976863728
1460 14.6 -2.574714613586764
1461 14.61 -2.574936182226807
1462 14.620000000000001 -2.5751336176119892
1463 14.63 -2.5753069338979984
1464 14.64 -2.575456145390568
1465 14.65 -2.57558126654623
1466 14.66 -2.5756823119692953
1467 14.67 -2.575759296415285
1468 14.68 -2.5758122347866887
1469 14.69 -2.5758411421375342
1470 14.700000000000001 -2.5758460336695777
1471 14.71 -2.5758269247317784
1472 14.72 -2.5757838308233048
1473 14.73 -2.575716767591125
1474 14.74 -2.5756257508290403
1475 14.75 -2.575510796479641
1476 14.76 -2.5753719206327332
1477 14.77 -2.57520913952564
1478 14.780000000000001 -2.575022469542617
1479 14.790000000000001 -2.5748119272144905
1480 14.8 -2.574577529219333
1481 14.81 -2.574319292381702
1482 14.82 -2.5740372336716106
1483 14.83 -2.5737313702058273
1484 14.84 -2.573401719247194
1485 14.85 -2.5730482982039433
1486 14.86 -2.572671124629423
1487 14.870000000000001 -2.57227021622311
1488 14.88 -2.571845590827955
1489 14.89 -2.5713972664334364
1490 14.9 -2.570925261172704
1491 14.91 -2.5704295933235315
1492 14.92 -2.5699102813082675
1493 14.93 -2.5693673436923063
1494 14.94 -2.5688007991856807
1495 14.950000000000001 -2.568210666641562
1496 14.96 -2.5675969650566017
1497 14.97 -2.5669597135713005
1498 14.98 -2.566298931467884
1499 14.99 -2.565614638172086
1500 15.0 -2.564906853251763
1501 15.01 -2.5641755964174777
1502 15.02 -2.563420887522085
1503 15.030000000000001 -2.5626427465600656
1504 15.040000000000001 -2.5618411936669574
1505 15.05 -2.5610162491210104
1506 15.06 -2.5601679333411624
1507 15.07 -2.5592962668869106
1508 15.08 -2.5584012704598678
1509 15.09 -2.5574829649012543
1510 15.1 -2.556541371193042
1511 15.11 -2.5555765104574633
1512 15.120000000000001 -2.5545884039570055
1513 15.13 -2.5535770730937983
1514 15.14 -2.5525425394094796
1515 15.15 -2.551484824585337
1516 15.16 -2.5504039504416056
1517 15.17 -2.5492999389374305
1518 15.18 -2.548172812171728
1519 15.19 -2.5470225923803227
1520 15.200000000000001 -2.5458493019388087
1521 15.21 -2.544652963360612
1522 15.22 -2.5434335992963994
1523 15.23 -2.542191232535572
1524 15.24 -2.540925886004864
1525 15.25 -2.5396375827668223
1526 15.26 -2.5383263460237586
1527 15.27 -2.5369921991130084
1528 15.280000000000001 -2.5356351655091345
1529 15.290000000000001 -2.5342552688230455
1530 15.3 -2.532852532802096
1531 15.31 -2.5314269813296946
1532 15.32 -2.529978638424865
1533 15.33 -2.52850752824331
1534 15.34 -2.5270136750745777
1535 15.35 -2.525497103344648
1536 15.36 -2.523957837614198
1537 15.370000000000001 -2.522395902577969
1538 15.38 -2.5208113230667806
1539 15.39 -2.519204124045473
1540 15.4 -2.517574330611481
1541 15.41 -2.515921967998473
1542 15.42 -2.514247061572945
1543 15.43 -2.512549636834123
1544 15.44 -2.5108297194158595
1545 15.450000000000001 -2.5090873350848426
1546 15.46 -2.507322509740206
1547 15.47 -2.5055352694143664
1548 15.48 -2.5037256402719663
1549 15.49 -2.5018936486102774
1550 15.5 -2.5000393208584697
1551 15.51 -2.4981626835774975
1552 15.52 -2.496263763460199
1553 15.530000000000001 -2.4943425873308698
1554 15.540000000000001 -2.492399182145128
1555 15.55 -2.4904335749896163
1556 15.56 -2.488445793081567
1557 15.57 -2.486435863769401
1558 15.58 -2.484403814531653
1559 15.59 -2.4823496729774703
1560 15.6 -2.4802734668453255
1561 15.610000000000001 -2.478175224003813
1562 15.620000000000001 -2.4760549724515784
1563 15.63 -2.4739127403166634
1564 15.64 -2.471748555854745
1565 15.65 -2.4695624474532565
1566 15.66 -2.467354443626107
1567 15.67 -2.4651245730166735
1568 15.68 -2.4628728643965445
1569 15.69 -2.4605993466657523
1570 15.700000000000001 -2.4583040488519288
1571 15.71 -2.455987000110767
1572 15.72 -2.4536482297250117
1573 15.73 -2.451287767105349
1574 15.74 -2.4489056417887625
1575 15.75 -2.4465018834404617
1576 15.76 -2.444076521851052
1577 15.77 -2.4416295869385323
1578 15.780000000000001 -2.4391611087463616
1579 15.790000000000001 -2.4366711174449023
1580 15.8 -2.4341596433300126
1581 15.81 -2.431626716823054
1582 15.82 -2.429072368471438
1583 15.83 -2.4264966289471346
1584 15.84 -2.423899529048086
1585 15.85 -2.4212810996955625
1586 15.860000000000001 -2.4186413719369853
1587 15.870000000000001 -2.4159803769437147
1588 15.88 -2.4132981460109875
1589 15.89 -2.410594710558044
1590 15.9 -2.4078701021293085
1591 15.91 -2.4051243523902457
1592 15.92 -2.4023574931324063
1593 15.93 -2.399569556268702
1594 15.94 -2.3967605738355005
1595 15.950000000000001 -2.3939305779927977
1596 15.96 -2.39107960102195
1597 15.97 -2.388207675326889
1598 15.98 -2.385314833434677
1599 15.99 -2.382401107993104
1600 16.0 -2.3794665317727066
1601 16.01 -2.376511137664785
1602 16.02 -2.373534958682228
1603 16.03 -2.3705380279600803
1604 16.04 -2.3675203787522037
1605 16.05 -2.3644820444349577
1606 16.06 -2.3614230585045775
1607 16.07 -2.358343454577067
1608 16.080000000000002 -2.3552432663900618
1609 16.09 -2.3521225277995086
1610 16.1 -2.3489812727821686
1611 16.11 -2.3458195354331153
1612 16.12 -2.3426373499680153
1613 16.13 -2.3394347507204145
1614 16.14 -2.336211772143862
1615 16.15 -2.3329684488099858
1616 16.16 -2.329704815408533
1617 16.17 -2.326420906748261
1618 16.18 -2.3231167577556135
1619 16.19 -2.319792403474324
1620 16.2 -2.316447879067276
1621 16.21 -2.3130832198129667
1622 16.22 -2.309698461108532
1623 16.23 -2.306293638467416
1624 16.240000000000002 -2.302868787520218
1625 16.25 -2.2994239440140305
1626 16.26 -2.295959143812304
1627 16.27 -2.292474422894628
1628 16.28 -2.2889698173571986
1629 16.29 -2.2854453634114194
1630 16.3 -2.281901097383944
1631 16.31 -2.2783370557179836
1632 16.32 -2.27475327497109
1633 16.330000000000002 -2.2711497918159154
1634 16.34 -2.2675266430403624
1635 16.35 -2.2638838655463474
1636 16.36 -2.2602214963501623
1637 16.37 -2.2565395725830015
1638 16.38 -2.2528381314891917
1639 16.39 -2.2491172104274
1640 16.4 -2.245376846869796
1641 16.41 -2.241617078401511
1642 16.42 -2.237837942720958
1643 16.43 -2.2340394776403087
1644 16.44 -2.2302217210835806
1645 16.45 -2.2263847110875545
1646 16.46 -2.2225284858013836
1647 16.47 -2.2186530834870197
1648 16.48 -2.214758542517451
1649 16.490000000000002 -2.2108449013778113
1650 16.5 -2.206912198664405
1651 16.51 -2.2029604730864207
1652 16.52 -2.1989897634614906
1653 16.53 -2.19500010872067
1654 16.54 -2.1909915479049857
1655 16.55 -2.1869641201651504
1656 16.56 -2.1829178647637626
1657 16.57 -2.1788528210720237
1658 16.580000000000002 -2.1747690285721077
1659 16.59 -2.1706665268557366
1660 16.6 -2.1665453556236436
1661 16.61 -2.162405554686657
1662 16.62 -2.1582471639643863
1663 16.63 -2.154070223484972
1664 16.64 -2.1498747733866814
1665 16.65 -2.145660853914542
1666 16.66 -2.14142850542283
1667 16.67 -2.137177768374528
1668 16.68 -2.1329086833387656
1669 16.69 -2.128621290994502
1670 16.7 -2.124315632127182
1671 16.71 -2.119991747629662
1672 16.72 -2.1156496785014554
1673 16.73 -2.1112894658505823
1674 16.740000000000002 -2.106911150889946
1675 16.75 -2.1025147749401008
1676 16.76 -2.098100379427965
1677 16.77 -2.0936680058859025
1678 16.78 -2.0892176959527546
1679 16.79 -2.0847494913734863
1680 16.8 -2.0802634339974375
1681 16.81 -2.0757595657806043
1682 16.82 -2.071237928783308
1683 16.830000000000002 -2.0666985651710057
1684 16.84 -2.0621415172142044
1685 16.85 -2.057566827287701
1686 16.86 -2.052974537870899
1687 16.87 -2.0483646915468725
1688 16.88 -2.043737331002916
1689 16.89 -2.0390924990306942
1690 16.9 -2.0344302385247666
1691 16.91 -2.029750592482781
1692 16.92 -2.0250536040065583
1693 16.93 -2.020339316300401
1694 16.94 -2.0156077726710073
1695 16.95 -2.0108590165285953
1696 16.96 -2.0060930913847024
1697 16.97 -2.0013100408539266
1698 16.98 -1.9965099086523495
1699 16.990000000000002 -1.9916927385984202
1700 17.0 -1.986858574611471
1701 17.01 -1.9820074607128753
1702 17.02 -1.9771394410249812
1703 17.03 -1.9722545597711054
1704 17.04 -1.9673528612754723
1705 17.05 -1.9624343899628585
1706 17.06 -1.957499190359023
1707 17.07 -1.95254730708918
1708 17.080000000000002 -1.9475787848788073
1709 17.09 -1.942593668553485
1710 17.1 -1.9375920030386808
1711 17.11 -1.9325738333586386
1712 17.12 -1.9275392046377178
1713 17.13 -1.922488162098226
1714 17.14 -1.917420751062437
1715 17.150000000000002 -1.9123370169506337
1716 17.16 -1.9072370052823153
1717 17.17 -1.902120761674805
1718 17.18 -1.8969883318431435
1719 17.19 -1.8918397616010516
1720 17.2 -1.8866750968599106
1721 17.21 -1.881494383628084
1722 17.22 -1.8762976680114463
1723 17.23 -1.8710849962135114
1724 17.240000000000002 -1.8658564145340684
1725 17.25 -1.860611969370538
1726 17.26 -1.8553517072160481
1727 17.27 -1.8500756746600437
1728 17.28 -1.8447839183897408
1729 17.29 -1.8394764851860117
1730 17.3 -1.8341534219273008
1731 17.31 -1.8288147755871442
1732 17.32 -1.8234605932338965
1733 17.330000000000002 -1.8180909220320522
1734 17.34 -1.8127058092410628
1735 17.35 -1.807305302214381
1736 17.36 -1.8018894484011767
1737 17.37 -1.796458295344383
1738 17.38 -1.7910118906813999
1739 17.39 -1.785550282143845
1740 17.400000000000002 -1.7800735175569642
1741 17.41 -1.774581644840314
1742 17.42 -1.769074712006077
1743 17.43 -1.7635527671604656
1744 17.44 -1.7580158585023042
1745 17.45 -1.7524640343243512
1746 17.46 -1.746897343010751
1747 17.47 -1.741315833039451
1748 17.48 -1.7357195529799156
1749 17.490000000000002 -1.7301085514939167
1750 17.5 -1.7244828773357277
1751 17.51 -1.7188425793514668
1752 17.52 -1.7131877064780134
1753 17.53 -1.7075183077446994
1754 17.54 -1.7018344322716672
1755 17.55 -1.6961361292697106
1756 17.56 -1.6904234480415
1757 17.57 -1.6846964379792873
1758 17.580000000000002 -1.6789551485662706
1759 17.59 -1.673199629376711
1760 17.6 -1.6674299300738546
1761 17.61 -1.6616461004111827
1762 17.62 -1.6558481902327635
1763 17.63 -1.6500362494709435
1764 17.64 -1.6442103281486098
1765 17.650000000000002 -1.6383704763770517
1766 17.66 -1.6325167443568844
1767 17.67 -1.62664918237747
1768 17.68 -1.6207678408171446
1769 17.69 -1.6148727701421812
1770 17.7 -1.6089640209073544
1771 17.71 -1.6030416437555246
1772 17.72 -1.5971056894176705
1773 17.73 -1.5911562087118618
1774 17.740000000000002 -1.5851932525442471
1775 17.75 -1.579216871908585
1776 17.76 -1.573227117884855
1777 17.77 -1.5672240416403405
1778 17.78 -1.5612076944299673
1779 17.79 -1.5551781275942211
1780 17.8 -1.5491353925601565
1781 17.81 -1.543079540841962
1782 17.82 -1.5370106240382881
1783 17.830000000000002 -1.5309286938355413
1784 17.84 -1.524833802004494
1785 17.85 -1.5187260004017986
1786 17.86 -1.5126053409691096
1787 17.87 -1.506471875734043
1788 17.88 -1.5003256568081262
1789 17.89 -1.4941667363886602
1790 17.900000000000002 -1.4879951667569173
1791 17.91 -1.481811000278583
1792 17.92 -1.4756142894045219
1793 17.93 -1.4694050866677593
1794 17.94 -1.463183444687079
1795 17.95 -1.4569494161634324
1796 17.96 -1.4507030538830215
1797 17.97 -1.4444444107132028
1798 17.98 -1.4381735396064599
1799 17.990000000000002 -1.4318904935971482
1800 18.0 -1.4255953258025365
1801 18.01 -1.4192880894229347
1802 18.02 -1.4129688377404683
1803 18.03 -1.4066376241198633
1804 18.04 -1.400294502007771
1805 18.05 -1.393939524932751
1806 18.06 -1.3875727465052847
1807 18.07 -1.3811942204173633
1808 18.080000000000002 -1.374804000441614
1809 18.09 -1.368402140432547
1810 18.1 -1.3619886943259836
1811 18.11 -1.3555637161373184
1812 18.12 -1.3491272599635522
1813 18.13 -1.34267937998192
1814 18.14 -1.3362201304501333
1815 18.150000000000002 -1.3297495657054448
1816 18.16 -1.3232677401656225
1817 18.17 -1.3167747083272907
1818 18.18 -1.3102705247678763
1819 18.19 -1.3037552441432858
1820 18.2 -1.2972289211889212
1821 18.21 -1.2906916107192181
1822 18.22 -1.2841433676274576
1823 18.23 -1.2775842468854997
1824 18.240000000000002 -1.2710143035438364
1825 18.25 -1.264433592731173
1826 18.26 -1.2578421696544098
1827 18.27 -1.2512400895984364
1828 18.28 -1.2446274079262878
1829 18.29 -1.2380041800777537
1830 18.3 -1.231370461570954
1831 18.31 -1.2247263080006636
1832 18.32 -1.2180717750392045
1833 18.330000000000002 -1.2114069184354328
1834 18.34 -1.2047317940154478
1835 18.35 -1.1980464576813752
1836 18.36 -1.1913509654119334
1837 18.37 -1.1846453732626632
1838 18.38 -1.1779297373635433
1839 18.39 -1.1712041139225562
1840 18.400000000000002 -1.1644685592219375
1841 18.41 -1.1577231296194697
1842 18.42 -1.150967881549608
1843 18.43 -1.1442028715200827
1844 18.44 -1.137428156114888
1845 18.45 -1.1306437919932986
1846 18.46 -1.1238498358874605
1847 18.47 -1.1170463446057237
1848 18.48 -1.110233375029912
1849 18.490000000000002 -1.1034109841164774
1850 18.5 -1.096579228895358
1851 18.51 -1.0897381664707275
1852 18.52 -1.0828878540199618
1853 18.53 -1.0760283487942939
1854 18.54 -1.0691597081179314
1855 18.55 -1.062281989388934
1856 18.56 -1.055395250077142
1857 18.57 -1.0484995477262586
1858 18.580000000000002 -1.0415949399516276
1859 18.59 -1.0346814844419452
1860 18.6 -1.027759238957719
1861 18.61 -1.0208282613316975
1862 18.62 -1.013888609468525
1863 18.63 -1.0069403413442402
1864 18.64 -0.9999835150074183
1865 18.650000000000002 -0.9930181885767695
1866 18.66 -0.986044420243239
1867 18.67 -0.9790622682687928
1868 18.68 -0.972071790986007
1869 18.69 -0.9650730467980946
1870 18.7 -0.9580660941795269
1871 18.71 -0.9510509916744212
1872 18.72 -0.9440277978972276
1873 18.73 -0.9369965715331645
1874 18.740000000000002 -0.9299573713366431
1875 18.75 -0.922910256132008
1876 18.76 -0.9158552848139312
1877 18.77 -0.908792516345148
1878 18.78 -0.9017220097583056
1879 18.79 -0.8946438241557271
1880 18.8 -0.8875580187073151
1881 18.81 -0.8804646526535489
1882 18.82 -0.8733637853017608
1883 18.830000000000002 -0.8662554760283996
1884 18.84 -0.8591397842780157
1885 18.85 -0.8520167695637451
1886 18.86 -0.8448864914659246
1887 18.87 -0.8377490096337876
1888 18.88 -0.8306043837822319
1889 18.89 -0.8234526736957477
1890 18.900000000000002 -0.8162939392244049
1891 18.91 -0.8091282402864675
1892 18.92 -0.801955636866527
1893 18.93 -0.794776189015959
1894 18.94 -0.7875899568536227
1895 18.95 -0.7803970005633651
1896 18.96 -0.7731973803963612
1897 18.97 -0.7659911566699691
1898 18.98 -0.7587783897668654
1899 18.990000000000002 -0.7515591401354342
1900 19.0 -0.7443334682909803
1901 19.01 -0.7371014348128817
1902 19.02 -0.7298631003462344
1903 19.03 -0.7226185256015274
1904 19.04 -0.7153677713542717
1905 19.05 -0.708110898444593
1906 19.06 -0.7008479677767294
1907 19.07 -0.6935790403210085
1908 19.080000000000002 -0.6863041771099692
1909 19.09 -0.6790234392427053
1910 19.1 -0.6717368878798595
1911 19.11 -0.6644445842481268
1912 19.12 -0.657146589636401
1913 19.13 -0.649842965397692
1914 19.14 -0.6425337729485427
1915 19.150000000000002 -0.6352190737685932
1916 19.16 -0.6278989294002857
1917 19.17 -0.6205734014491675
1918 19.18 -0.6132425515837001
1919 19.19 -0.6059064415347866
1920 19.2 -0.5985651330956046
1921 19.21 -0.5912186881216055
1922 19.22 -0.5838671685306718
1923 19.23 -0.5765106363025589
1924 19.240000000000002 -0.5691491534783522
1925 19.25 -0.5617827821616892
1926 19.26 -0.5544115845164752
1927 19.27 -0.5470356227689628
1928 19.28 -0.539654959206036
1929 19.29 -0.5322696561759699
1930 19.3 -0.5248797760874115
1931 19.31 -0.5174853814102418
1932 19.32 -0.5100865346745147
1933 19.330000000000002 -0.5026832984705187
1934 19.34 -0.49527573544952297
1935 19.35 -0.4878639083218079
1936 19.36 -0.48044787985885495
1937 19.37 -0.4730277128903717
1938 19.38 -0.4656034703070189
1939 19.39 -0.45817521505827496
1940 19.400000000000002 -0.45074301015285556
1941 19.41 -0.44330691865914496
1942 19.42 -0.43586700370368536
1943 19.43 -0.42842332847270637
1944 19.44 -0.4209759562107367
1945 19.45 -0.41352495022065394
1946 19.46 -0.4060703738638134
1947 19.47 -0.3986122905601217
1948 19.48 -0.39115076378735214
1949 19.490000000000002 -0.3836858570810229
1950 19.5 -0.3762176340345835
1951 19.51 -0.36874615829889557
1952 19.52 -0.3612714935825476
1953 19.53 -0.3537937036516432
1954 19.54 -0.34631285232881837
1955 19.55 -0.3388290034938013
1956 19.56 -0.33134222108377465
1957 19.57 -0.32385256909226623
1958 19.580000000000002 -0.3163601115692698
1959 19.59 -0.3088649126210532
1960 19.6 -0.30136703641010243
1961 19.61 -0.29386654715567895
1962 19.62 -0.28636350913259
1963 19.63 -0.2788579866707952
1964 19.64 -0.27135004415715525
1965 19.650000000000002 -0.2638397460328057
1966 19.66 -0.2563271567948515
1967 19.67 -0.24881234099588845
1968 19.68 -0.24129536324307965
1969 19.69 -0.23377628819811536
1970 19.7 -0.2262551805786157
1971 19.71 -0.21873210515568298
1972 19.72 -0.211207126755244
1973 19.73 -0.20368031025814703
1974 19.740000000000002 -0.19615172059815267
1975 19.75 -0.18862142276394867
1976 19.76 -0.18108948179810325
1977 19.77 -0.17355596279627683
1978 19.78 -0.16602093090845615
1979 19.79 -0.15848445133751188
1980 19.8 -0.1509465893396431
1981 19.81 -0.14340741022435788
1982 19.82 -0.13586697935399927
1983 19.830000000000002 -0.12832536214410384
1984 19.84 -0.1207826240622889
1985 19.85 -0.11323883062924844
1986 19.86 -0.10569404741775257
1987 19.87 -0.09814834005299544
1988 19.88 -0.09060177421202842
1989 19.89 -0.0830544156242281
1990 19.900000000000002 -0.07550633007089891
1991 19.91 -0.06795758338412172
1992 19.92 -0.06040824144847179
1993 19.93 -0.052858370199572624
1994 19.94 -0.04530803562430741
1995 19.95 -0.037757303760337924
1996 19.96 -0.030206240696805664
1997 19.97 -0.0226549125735922
1998 19.98 -0.015103385580660517
1999 19.990000000000002 -0.007551725959148006
2000 20.0 -3.6904901376834613e-13