n s W(s)
0 0.0 3.92854607078972e-12
1 0.01 0.01569311687753494
2 0.02 0.03138394302081693
3 0.03 0.0470702152325444
4 0.04 0.06274969776816874
5 0.05 0.07842018426885389
6 0.06 0.09407949581407848
7 0.07 0.1097254825077485
8 0.08 0.12535602181144156
9 0.09 0.14096901872922274
10 0.1 0.15656240635955498
11 0.11 0.17213414455002862
12 0.12 0.18768222070094964
13 0.13 0.20320464890733092
14 0.14 0.21869946995208522
15 0.15 0.23416475153231886
16 0.16 0.24959858715199346
17 0.17 0.26499909689657386
18 0.18 0.2803644269950638
19 0.19 0.2956927489003789
20 0.2 0.3109822601928016
21 0.21 0.3262311836678293
22 0.22 0.3414377676490261
23 0.23 0.35660028489706974
24 0.24 0.37171703363279107
25 0.25 0.3867863366777158
26 0.26 0.4018065413707177
27 0.27 0.41677601914011575
28 0.28 0.4316931660623595
29 0.29 0.4465564016127246
30 0.3 0.4613641695530646
31 0.31 0.476114937196229
32 0.32 0.49080719514469706
33 0.33 0.5054394574813159
34 0.34 0.5200102611609054
35 0.35000000000000003 0.5345181664955021
36 0.36 0.5489617560847364
37 0.37 0.563339635607548
38 0.38 0.577650432477185
39 0.39 0.5918927974283861
40 0.4 0.6060654021903531
41 0.41000000000000003 0.6201669410259285
42 0.42 0.6341961300964272
43 0.43 0.6481517064856916
44 0.44 0.66203242951633
45 0.45 0.6758370792816493
46 0.46 0.6895644567288173
47 0.47000000000000003 0.7032133844704731
48 0.48 0.716782705317712
49 0.49 0.7302712828522999
50 0.5 0.7436780014993474
51 0.51 0.7570017650771774
52 0.52 0.7702414983535846
53 0.53 0.7833961459807597
54 0.54 0.7964646719978532
55 0.55 0.809446060104051
56 0.56 0.8223393144783699
57 0.5700000000000001 0.8351434572523999
58 0.58 0.8478575309649727
59 0.59 0.8604805960832778
60 0.6 0.8730117330506459
61 0.61 0.8854500402318877
62 0.62 0.897794635131504
63 0.63 0.9100446533631725
64 0.64 0.9221992486378099
65 0.65 0.9342575935524451
66 0.66 0.9462188779547205
67 0.67 0.9580823099987583
68 0.68 0.9698471150931596
69 0.6900000000000001 0.9815125366246775
70 0.7000000000000001 0.99307783489553
71 0.71 1.0045422881943864
72 0.72 1.0159051913504982
73 0.73 1.0271658563260075
74 0.74 1.038323611655585
75 0.75 1.0493778031150782
76 0.76 1.0603277928485682
77 0.77 1.0711729589650076
78 0.78 1.0819126962413748
79 0.79 1.0925464155746454
80 0.8 1.1030735438079091
81 0.81 1.1134935234862269
82 0.8200000000000001 1.123805813169497
83 0.8300000000000001 1.1340098864779975
84 0.84 1.1441052331508104
85 0.85 1.1540913578596133
86 0.86 1.1639677805842439
87 0.87 1.1737340360937196
88 0.88 1.1833896741764534
89 0.89 1.192934259625133
90 0.9 1.2023673716510643
91 0.91 1.2116886039554515
92 0.92 1.220897564850702
93 0.93 1.2299938769750725
94 0.9400000000000001 1.2389771765482465
95 0.9500000000000001 1.247847114024239
96 0.96 1.2566033543458843
97 0.97 1.2652455753700451
98 0.98 1.2737734687395914
99 0.99 1.2821867402485623
100 1.0 1.2904851080718345
101 1.01 1.2986683046366352
102 1.02 1.3067360744906864
103 1.03 1.314688176047298
104 1.04 1.3225243801477973
105 1.05 1.3302444704754635
106 1.06 1.337848243368967
107 1.07 1.345335507615573
108 1.08 1.352706084448073
109 1.09 1.3599598076566508
110 1.1 1.3670965224832798
111 1.11 1.374116087225616
112 1.12 1.381018371176424
113 1.1300000000000001 1.3878032560098745
114 1.1400000000000001 1.3944706346667317
115 1.1500000000000001 1.4010204120796743
116 1.16 1.4074525043545236
117 1.17 1.4137668393416334
118 1.18 1.4199633556119124
119 1.19 1.426042003108364
120 1.2 1.43200274287733
121 1.21 1.4378455469176288
122 1.22 1.4435703978626861
123 1.23 1.4491772888217156
124 1.24 1.4546662238720955
125 1.25 1.46003721765112
126 1.26 1.4652902946272661
127 1.27 1.4704254896673774
128 1.28 1.475442848395005
129 1.29 1.4803424254977244
130 1.3 1.4851242866582197
131 1.31 1.4897885062486012
132 1.32 1.4943351694430476
133 1.33 1.4987643701543902
134 1.34 1.5030762123027444
135 1.35 1.507270809329384
136 1.36 1.5113482834698289
137 1.37 1.5153087664023133
138 1.3800000000000001 1.5191523991832128
139 1.3900000000000001 1.5228793318119642
140 1.4000000000000001 1.5264897226535368
141 1.41 1.5299837394418319
142 1.42 1.5333615585859661
143 1.43 1.536623364913794
144 1.44 1.539769351520249
145 1.45 1.5427997206072632
146 1.46 1.5457146819582022
147 1.47 1.5485144543768001
148 1.48 1.551199263935132
149 1.49 1.5537693451824452
150 1.5 1.556224940730317
151 1.51 1.5585663008821484
152 1.52 1.5607936834189786
153 1.53 1.5629073542417018
154 1.54 1.564907586981576
155 1.55 1.5667946615818664
156 1.56 1.568568866751889
157 1.57 1.5702304976625783
158 1.58 1.5717798570871082
159 1.59 1.5732172544693412
160 1.6 1.5745430068731139
161 1.61 1.5757574380568258
162 1.62 1.5768608782276488
163 1.6300000000000001 1.5778536648239196
164 1.6400000000000001 1.578736141872355
165 1.6500000000000001 1.579508659957014
166 1.6600000000000001 1.5801715760001116
167 1.67 1.5807252536116039
168 1.68 1.5811700625564526
169 1.69 1.581506378744507
170 1.7 1.5817345846096487
171 1.71 1.581855068354571
172 1.72 1.581868224409618
173 1.73 1.5817744525775197
174 1.74 1.5815741594848305
175 1.75 1.581267756359921
176 1.76 1.5808556612417988
177 1.77 1.5803382965848414
178 1.78 1.579716091475575
179 1.79 1.578989479520601
180 1.8 1.5781589001717293
181 1.81 1.577224798179941
182 1.82 1.5761876234452075
183 1.83 1.5750478305697015
184 1.84 1.5738058799581722
185 1.85 1.572462235978037
186 1.86 1.5710173691463751
187 1.87 1.5694717536873668
188 1.8800000000000001 1.5678258691345945
189 1.8900000000000001 1.5660801995027214
190 1.9000000000000001 1.5642352334741645
191 1.9100000000000001 1.5622914643445256
192 1.92 1.5602493895441967
193 1.93 1.558109511102657
194 1.94 1.5558723353685764
195 1.95 1.5535383728504257
196 1.96 1.5511081382442171
197 1.97 1.5485821503141324
198 1.98 1.545960931878426
199 1.99 1.5432450095845525
200 2.0 1.5404349141347211
201 2.0100000000000002 1.5375311798461553
202 2.02 1.5345343448848325
203 2.0300000000000002 1.5314449510835857
204 2.04 1.5282635441278671
205 2.05 1.5249906726312474
206 2.06 1.5216268893118468
207 2.07 1.5181727499334556
208 2.08 1.51462881366092
209 2.09 1.5109956430442253
210 2.1 1.5072738036758437
211 2.11 1.5034638643674043
212 2.12 1.4995663969662019
213 2.13 1.4955819766651075
214 2.14 1.4915111810757935
215 2.15 1.4873545911375459
216 2.16 1.4831127904437835
217 2.17 1.4787863653411932
218 2.18 1.4743759046662035
219 2.19 1.4698820005230573
220 2.2 1.465305247004153
221 2.21 1.460646240932192
222 2.22 1.4559055816780528
223 2.23 1.4510838708747542
224 2.24 1.4461817126102687
225 2.25 1.4411997131946919
226 2.2600000000000002 1.4361384812652886
227 2.27 1.4309986274001858
228 2.2800000000000002 1.4257807646915808
229 2.29 1.4204855078571654
230 2.3000000000000003 1.4151134739279314
231 2.31 1.409665281696789
232 2.32 1.4041415518388476
233 2.33 1.3985429072640727
234 2.34 1.3928699719369888
235 2.35 1.3871233721938552
236 2.36 1.3813037356130735
237 2.37 1.375411691793488
238 2.38 1.3694478716522553
239 2.39 1.363412907506472
240 2.4 1.3573074334672128
241 2.41 1.351132084596884
242 2.42 1.3448874978189451
243 2.43 1.3385743109233772
244 2.44 1.3321931632051474
245 2.45 1.325744695462845
246 2.46 1.3192295486487637
247 2.47 1.312648366027588
248 2.48 1.3060017911263913
249 2.49 1.2992904685947906
250 2.5 1.2925150442251834
251 2.5100000000000002 1.285676164783581
252 2.52 1.2787744775378087
253 2.5300000000000002 1.271810631137896
254 2.54 1.264785274043561
255 2.5500000000000003 1.2576990563563868
256 2.56 1.2505526288987312
257 2.57 1.2433466418526677
258 2.58 1.2360817477251658
259 2.59 1.2287585981798657
260 2.6 1.2213778463394647
261 2.61 1.2139401448926037
262 2.62 1.2064461474114978
263 2.63 1.1988965080083744
264 2.64 1.1912918805394384
265 2.65 1.1836329197674331
266 2.66 1.17592028044578
267 2.67 1.168154616917036
268 2.68 1.16033658464994
269 2.69 1.1524668387137353
270 2.7 1.1445460340398768
271 2.71 1.1365748260070632
272 2.72 1.1285538695965442
273 2.73 1.1204838200687846
274 2.74 1.112365332480067
275 2.75 1.104199061440113
276 2.7600000000000002 1.095985661610257
277 2.77 1.0877257875706619
278 2.7800000000000002 1.079420093499948
279 2.79 1.0710692332083909
280 2.8000000000000003 1.062673860075165
281 2.81 1.0542346274958163
282 2.82 1.0457521881778575
283 2.83 1.0372271941291729
284 2.84 1.0286602975695587
285 2.85 1.0200521495403336
286 2.86 1.0114034007456212
287 2.87 1.00271470131338
288 2.88 0.9939867008829424
289 2.89 0.9852200478937903
290 2.9 0.97641539076767
291 2.91 0.9675733768835926
292 2.92 0.9586946526565043
293 2.93 0.9497798641466488
294 2.94 0.940829655969992
295 2.95 0.931844672407351
296 2.96 0.9228255565833479
297 2.97 0.9137729506919641
298 2.98 0.9046874961770754
299 2.99 0.8955698330476025
300 3.0 0.886420600729025
301 3.0100000000000002 0.8772404372277833
302 3.02 0.8680299797908901
303 3.0300000000000002 0.8587898640321328
304 3.04 0.8495207247722192
305 3.0500000000000003 0.8402231959996698
306 3.06 0.8308979095147606
307 3.0700000000000003 0.8215454967719324
308 3.08 0.8121665872711219
309 3.09 0.8027618098551557
310 3.1 0.7933317916460965
311 3.11 0.7838771581930359
312 3.12 0.774398534111242
313 3.13 0.764896542260658
314 3.14 0.7553718042984201
315 3.15 0.7458249399751367
316 3.16 0.736256568248109
317 3.17 0.7266673058049946
318 3.18 0.7170577682913972
319 3.19 0.7074285694145601
320 3.2 0.6977803213710558
321 3.21 0.6881136349618373
322 3.22 0.6784291189767373
323 3.23 0.668727380640803
324 3.24 0.6590090254640018
325 3.25 0.6492746574342618
326 3.2600000000000002 0.6395248785706826
327 3.27 0.6297602888319034
328 3.2800000000000002 0.6199814866763518
329 3.29 0.6101890690304117
330 3.3000000000000003 0.6003836302363652
331 3.31 0.5905657633766168
332 3.3200000000000003 0.5807360592564237
333 3.33 0.5708951069796058
334 3.34 0.5610434934026216
335 3.35 0.5511818036920886
336 3.36 0.5413106212386083
337 3.37 0.5314305263937058
338 3.38 0.5215420989802624
339 3.39 0.5116459154337463
340 3.4 0.5017425508872293
341 3.41 0.49183257780532585
342 3.42 0.481916567313192
343 3.43 0.4719950875901304
344 3.44 0.46206870499668184
345 3.45 0.4521379838261055
346 3.46 0.442203485963546
347 3.47 0.4322657712129967
348 3.48 0.4223253969707912
349 3.49 0.41238291844751984
350 3.5 0.4024388888581143
351 3.5100000000000002 0.3924938587244924
352 3.52 0.38254837615704673
353 3.5300000000000002 0.3726029876386292
354 3.54 0.362658236606876
355 3.5500000000000003 0.35271466428685017
356 3.56 0.3427728096660303
357 3.5700000000000003 0.3328332094290545
358 3.58 0.32289639755822463
359 3.59 0.31296290552791106
360 3.6 0.3030332629177792
361 3.61 0.2931079962918375
362 3.62 0.2831876300076601
363 3.63 0.2732726857259422
364 3.64 0.2633636826367365
365 3.65 0.25346113775890444
366 3.66 0.24356556517000172
367 3.67 0.23367747637257708
368 3.68 0.2237973804953981
369 3.69 0.2139257842063671
370 3.7 0.2040631913459947
371 3.71 0.19421010283576834
372 3.72 0.184367017665636
373 3.73 0.17453443160911775
374 3.74 0.16471283830833272
375 3.75 0.15490272814258788
376 3.7600000000000002 0.14510458933546033
377 3.77 0.13531890709828076
378 3.7800000000000002 0.12554616401621388
379 3.79 0.11578684012238227
380 3.8000000000000003 0.1060414122957809
381 3.81 0.09631035516349584
382 3.8200000000000003 0.08659414051089698
383 3.83 0.07689323705426432
384 3.84 0.06720811094237433
385 3.85 0.0575392254977487
386 3.86 0.04788704142174538
387 3.87 0.038252016391197685
388 3.88 0.028634605246224965
389 3.89 0.019035260466353066
390 3.9 0.00945443080536279
391 3.91 -0.00010743694247139501
392 3.92 -0.00964989927751958
393 3.93 -0.019172515758782538
394 3.94 -0.028674848023001687
395 3.95 -0.03815646138446027
396 3.96 -0.04761692411830154
397 3.97 -0.05705580646827002
398 3.98 -0.06647268252527283
399 3.99 -0.07586712896045356
400 4.0 -0.08523872512523667
401 4.01 -0.09458705380257015
402 4.0200000000000005 -0.10391170020011486
403 4.03 -0.11321225296387638
404 4.04 -0.1224883030527053
405 4.05 -0.13173944533809845
406 4.0600000000000005 -0.14096527660603897
407 4.07 -0.15016539764337722
408 4.08 -0.15933941110461092
409 4.09 -0.16848692361190842
410 4.1 -0.1776075441539433
411 4.11 -0.1867008851522769
412 4.12 -0.19576656177287077
413 4.13 -0.20480419221394186
414 4.14 -0.21381339774916341
415 4.15 -0.222793802731303
416 4.16 -0.23174503439122418
417 4.17 -0.2406667230070525
418 4.18 -0.24955850207970798
419 4.19 -0.2584200082133066
420 4.2 -0.2672508804230347
421 4.21 -0.2760507614138987
422 4.22 -0.28481929691952246
423 4.23 -0.2935561355234313
424 4.24 -0.3022609287231717
425 4.25 -0.3109333316519951
426 4.26 -0.3195730017978349
427 4.2700000000000005 -0.3281796002856936
428 4.28 -0.3367527908280863
429 4.29 -0.3452922410119754
430 4.3 -0.3537976204102051
431 4.3100000000000005 -0.3622686024846189
432 4.32 -0.37070486371476363
433 4.33 -0.3791060833841584
434 4.34 -0.3874719439895671
435 4.3500000000000005 -0.3958021312328128
436 4.36 -0.40409633369790754
437 4.37 -0.4123542432589602
438 4.38 -0.420575554709103
439 4.39 -0.4287599663784931
440 4.4 -0.4369071788792098
441 4.41 -0.4450168969565311
442 4.42 -0.45308882748122414
443 4.43 -0.4611226811780398
444 4.44 -0.4691181715247694
445 4.45 -0.4770750150992171
446 4.46 -0.4849929316428643
447 4.47 -0.49287164429597397
448 4.48 -0.5007108784702723
449 4.49 -0.5085103636993153
450 4.5 -0.5162698322928918
451 4.51 -0.5239890192192433
452 4.5200000000000005 -0.5316676630486654
453 4.53 -0.5393055053054923
454 4.54 -0.5469022905876955
455 4.55 -0.5544577667533304
456 4.5600000000000005 -0.5619716845062612
457 4.57 -0.569443797986878
458 4.58 -0.5768738638548712
459 4.59 -0.5842616429404188
460 4.6000000000000005 -0.5916068979522606
461 4.61 -0.5989093955877252
462 4.62 -0.6061689051580288
463 4.63 -0.6133851993054122
464 4.64 -0.6205580536447997
465 4.65 -0.6276872470766648
466 4.66 -0.6347725613363764
467 4.67 -0.6418137813161593
468 4.68 -0.6488106951806003
469 4.69 -0.6557630939682895
470 4.7 -0.6626707718983198
471 4.71 -0.6695335263157176
472 4.72 -0.6763511573662981
473 4.73 -0.6831234687720098
474 4.74 -0.6898502668814217
475 4.75 -0.6965313613518447
476 4.76 -0.7031665647987211
477 4.7700000000000005 -0.7097556929961684
478 4.78 -0.7162985642780768
479 4.79 -0.7227950010715176
480 4.8 -0.7292448278471966
481 4.8100000000000005 -0.7356478725491797
482 4.82 -0.7420039660923976
483 4.83 -0.7483129428387656
484 4.84 -0.7545746394121124
485 4.8500000000000005 -0.7607888959719276
486 4.86 -0.7669555556458363
487 4.87 -0.77307446439454
488 4.88 -0.7791454714965766
489 4.89 -0.7851684291867969
490 4.9 -0.7911431922889278
491 4.91 -0.79706961922966
492 4.92 -0.802947570786273
493 4.93 -0.8087769115572883
494 4.94 -0.8145575080720846
495 4.95 -0.820289231022798
496 4.96 -0.8259719531465635
497 4.97 -0.8316055505256372
498 4.98 -0.8371899022981779
499 4.99 -0.8427248900525228
500 5.0 -0.8482103991700569
501 5.01 -0.8536463172235926
502 5.0200000000000005 -0.8590325349746308
503 5.03 -0.8643689465861826
504 5.04 -0.8696554482571628
505 5.05 -0.8748919397794452
506 5.0600000000000005 -0.8800783234823939
507 5.07 -0.8852145049363571
508 5.08 -0.8903003925106532
509 5.09 -0.8953358972830756
510 5.1000000000000005 -0.9003209334696294
511 5.11 -0.9052554179820618
512 5.12 -0.91013927062113
513 5.13 -0.914972414002932
514 5.14 -0.9197547742328425
515 5.15 -0.9244862791074411
516 5.16 -0.9291668603850667
517 5.17 -0.9337964519313573
518 5.18 -0.9383749908197387
519 5.19 -0.9429024165997362
520 5.2 -0.9473786722269324
521 5.21 -0.9518037030834421
522 5.22 -0.9561774570533998
523 5.23 -0.9604998851555138
524 5.24 -0.9647709415557983
525 5.25 -0.9689905825271126
526 5.26 -0.9731587673340982
527 5.2700000000000005 -0.9772754584237191
528 5.28 -0.9813406202615624
529 5.29 -0.9853542207579267
530 5.3 -0.989316229675751
531 5.3100000000000005 -0.9932266205514679
532 5.32 -0.9970853692775563
533 5.33 -1.0008924538533392
534 5.34 -1.0046478556100737
535 5.3500000000000005 -1.0083515586406975
536 5.36 -1.012003549360088
537 5.37 -1.0156038168051964
538 5.38 -1.0191523531566418
539 5.39 -1.0226491527118924
540 5.4 -1.0260942127829367
541 5.41 -1.0294875332724587
542 5.42 -1.0328291164159964
543 5.43 -1.0361189676132199
544 5.44 -1.0393570941564576
545 5.45 -1.0425435065089914
546 5.46 -1.0456782177670902
547 5.47 -1.048761243115223
548 5.48 -1.051792600522731
549 5.49 -1.0547723106051308
550 5.5 -1.0577003966582197
551 5.51 -1.0605768842247016
552 5.5200000000000005 -1.0634018015648508
553 5.53 -1.0661751795128112
554 5.54 -1.068897051053682
555 5.55 -1.0715674520656648
556 5.5600000000000005 -1.0741864206747778
557 5.57 -1.0767539978578498
558 5.58 -1.0792702264520813
559 5.59 -1.0817351523760408
560 5.6000000000000005 -1.0841488234405006
561 5.61 -1.086511290319777
562 5.62 -1.0888226060919806
563 5.63 -1.091082825871581
564 5.64 -1.0932920076575101
565 5.65 -1.0954502113154376
566 5.66 -1.0975574997873991
567 5.67 -1.0996139377989493
568 5.68 -1.101619592647694
569 5.69 -1.1035745338681409
570 5.7 -1.105478833705547
571 5.71 -1.1073325663373907
572 5.72 -1.109135808195333
573 5.73 -1.1108886385104597
574 5.74 -1.1125911386102416
575 5.75 -1.1142433915924812
576 5.76 -1.1158454836222518
577 5.7700000000000005 -1.1173975025940308
578 5.78 -1.1188995388788499
579 5.79 -1.1203516849764128
580 5.8 -1.121754035737922
581 5.8100000000000005 -1.1231066879736318
582 5.82 -1.1244097411722578
583 5.83 -1.1256632964987148
584 5.84 -1.1268674576035664
585 5.8500000000000005 -1.1280223303842831
586 5.86 -1.1291280224590992
587 5.87 -1.1301846440060217
588 5.88 -1.1311923073126309
589 5.89 -1.1321511265377922
590 5.9 -1.1330612181163815
591 5.91 -1.1339227006596957
592 5.92 -1.1347356947353546
593 5.93 -1.1355003230696639
594 5.94 -1.1362167101683553
595 5.95 -1.1368849830673753
596 5.96 -1.1375052705366215
597 5.97 -1.1380777033750746
598 5.98 -1.1386024146995624
599 5.99 -1.1390795389229424
600 6.0 -1.139509213398469
601 6.01 -1.139891576563059
602 6.0200000000000005 -1.140226769525725
603 6.03 -1.1405149347942825
604 6.04 -1.1407562172398684
605 6.05 -1.140950763390265
606 6.0600000000000005 -1.1410987218991977
607 6.07 -1.1412002431102337
608 6.08 -1.141255479269148
609 6.09 -1.1412645848777174
610 6.1000000000000005 -1.1412277158256074
611 6.11 -1.141145029901054
612 6.12 -1.141016686970488
613 6.13 -1.1408428488257414
614 6.140000000000001 -1.1406236786733643
615 6.15 -1.1403593416739568
616 6.16 -1.1400500048998765
617 6.17 -1.1396958372574773
618 6.18 -1.13929700894505
619 6.19 -1.138853692466455
620 6.2 -1.1383660619285365
621 6.21 -1.1378342927978338
622 6.22 -1.137258562918305
623 6.23 -1.1366390510365818
624 6.24 -1.135975938300362
625 6.25 -1.135269406905536
626 6.26 -1.134519641459974
627 6.2700000000000005 -1.1337268272650363
628 6.28 -1.1328911521327427
629 6.29 -1.1320128049565028
630 6.3 -1.1310919765655854
631 6.3100000000000005 -1.1301288589538672
632 6.32 -1.1291236462056986
633 6.33 -1.1280765338055971
634 6.34 -1.126987718501823
635 6.3500000000000005 -1.1258573988270655
636 6.36 -1.1246857750497838
637 6.37 -1.1234730484807187
638 6.38 -1.122219422134549
639 6.390000000000001 -1.1209251007089733
640 6.4 -1.1195902903969
641 6.41 -1.118215198229791
642 6.42 -1.1168000332477277
643 6.43 -1.1153450060241994
644 6.44 -1.1138503283059435
645 6.45 -1.1123162130534183
646 6.46 -1.110742875111555
647 6.47 -1.1091305301974899
648 6.48 -1.107479395930568
649 6.49 -1.1057896907873328
650 6.5 -1.1040616348113872
651 6.51 -1.102295449333269
652 6.5200000000000005 -1.1004913570959616
653 6.53 -1.0986495821116478
654 6.54 -1.096770349497092
655 6.55 -1.094853885878365
656 6.5600000000000005 -1.0929004189933949
657 6.57 -1.090910177841124
658 6.58 -1.0888833928574968
659 6.59 -1.0868202952447064
660 6.6000000000000005 -1.0847211180794147
661 6.61 -1.0825860948543777
662 6.62 -1.0804154609445504
663 6.63 -1.0782094524611239
664 6.640000000000001 -1.07596830664761
665 6.65 -1.073692262266377
666 6.66 -1.0713815590720515
667 6.67 -1.0690364371826035
668 6.68 -1.0666571391866455
669 6.69 -1.0642439076318624
670 6.7 -1.0617969866643762
671 6.71 -1.0593166212979668
672 6.72 -1.0568030576796446
673 6.73 -1.0542565429354909
674 6.74 -1.0516773251220002
675 6.75 -1.049065653524849
676 6.76 -1.0464217783414824
677 6.7700000000000005 -1.043745950642915
678 6.78 -1.0410384227038776
679 6.79 -1.0382994471992788
680 6.8 -1.0355292781864591
681 6.8100000000000005 -1.0327281707045586
682 6.82 -1.0298963806585562
683 6.83 -1.027034164518227
684 6.84 -1.0241417801389616
685 6.8500000000000005 -1.0212194856262613
686 6.86 -1.0182675405003465
687 6.87 -1.0152862047766575
688 6.88 -1.0122757396261477
689 6.890000000000001 -1.0092364067768358
690 6.9 -1.0061684686106673
691 6.91 -1.003072188729675
692 6.92 -0.999947831218833
693 6.93 -0.9967956609179964
694 6.94 -0.9936159435656009
695 6.95 -0.9904089455458234
696 6.96 -0.987174933850838
697 6.97 -0.9839141764623491
698 6.98 -0.9806269417686053
699 6.99 -0.9773134990259678
700 7.0 -0.9739741179155317
701 7.01 -0.9706090692902762
702 7.0200000000000005 -0.9672186240009069
703 7.03 -0.963803053657557
704 7.04 -0.9603626309144602
705 7.05 -0.9568976289178863
706 7.0600000000000005 -0.9534083207367985
707 7.07 -0.9498949809817532
708 7.08 -0.9463578839504407
709 7.09 -0.9427973050424043
710 7.1000000000000005 -0.9392135201583187
711 7.11 -0.9356068054526077
712 7.12 -0.9319774375317138
713 7.13 -0.9283256940202591
714 7.140000000000001 -0.9246518525606007
715 7.15 -0.9209561913212383
716 7.16 -0.9172389889999977
717 7.17 -0.9135005247967456
718 7.18 -0.9097410780627797
719 7.19 -0.9059609290875414
720 7.2 -0.9021603577339192
721 7.21 -0.8983396452845227
722 7.22 -0.894499072464896
723 7.23 -0.890638920947822
724 7.24 -0.8867594726425523
725 7.25 -0.8828610094260512
726 7.26 -0.8789438140247512
727 7.2700000000000005 -0.8750081688835962
728 7.28 -0.8710543575830343
729 7.29 -0.8670826631114323
730 7.3 -0.863093369323451
731 7.3100000000000005 -0.8590867598477416
732 7.32 -0.8550631190887543
733 7.33 -0.8510227312740426
734 7.34 -0.8469658809672183
735 7.3500000000000005 -0.8428928530165649
736 7.36 -0.8388039322430814
737 7.37 -0.8346994041239668
738 7.38 -0.8305795535638936
739 7.390000000000001 -0.8264446664679781
740 7.4 -0.822295028152439
741 7.41 -0.8181309242750103
742 7.42 -0.8139526409836435
743 7.43 -0.8097604640920508
744 7.44 -0.8055546794921611
745 7.45 -0.8013355735306504
746 7.46 -0.7971034323636559
747 7.47 -0.7928585422528158
748 7.48 -0.7886011893333489
749 7.49 -0.7843316598778074
750 7.5 -0.7800502405461884
751 7.51 -0.7757572172108667
752 7.5200000000000005 -0.7714528763590351
753 7.53 -0.7671375044174056
754 7.54 -0.7628113874507108
755 7.55 -0.7584748116746596
756 7.5600000000000005 -0.7541280633681708
757 7.57 -0.749771428396798
758 7.58 -0.7454051928284571
759 7.59 -0.7410296426164678
760 7.6000000000000005 -0.7366450633394379
761 7.61 -0.7322517408933891
762 7.62 -0.7278499604854005
763 7.63 -0.7234400077882128
764 7.640000000000001 -0.7190221678379203
765 7.65 -0.7145967257097254
766 7.66 -0.7101639663515016
767 7.67 -0.7057241742490987
768 7.68 -0.7012776339283846
769 7.69 -0.696824629611001
770 7.7 -0.6923654454312782
771 7.71 -0.6879003648864455
772 7.72 -0.6834296717115649
773 7.73 -0.6789536489736747
774 7.74 -0.6744725797561841
775 7.75 -0.6699867466459182
776 7.76 -0.6654964321110128
777 7.7700000000000005 -0.6610019180866402
778 7.78 -0.6565034864461268
779 7.79 -0.6520014184429783
780 7.8 -0.6474959952270183
781 7.8100000000000005 -0.6429874973764527
782 7.82 -0.6384762050961399
783 7.83 -0.6339623986591505
784 7.84 -0.629446357299912
785 7.8500000000000005 -0.6249283601605384
786 7.86 -0.6204086861184805
787 7.87 -0.6158876135250466
788 7.88 -0.6113654197174583
789 7.890000000000001 -0.6068423825213358
790 7.9 -0.6023187787723145
791 7.91 -0.597794884997711
792 7.92 -0.593270976849908
793 7.930000000000001 -0.5887473300758757
794 7.94 -0.5842242195894869
795 7.95 -0.5797019199085298
796 7.96 -0.575180704732702
797 7.97 -0.5706608474029053
798 7.98 -0.5661426209085221
799 7.99 -0.561626297537714
800 8.0 -0.5571121490129372
801 8.01 -0.5526004459029537
802 8.02 -0.5480914593731541
803 8.03 -0.5435854590919007
804 8.040000000000001 -0.5390827142518901
805 8.05 -0.5345834934760205
806 8.06 -0.5300880648637758
807 8.07 -0.5255966957111013
808 8.08 -0.5211096527823429
809 8.09 -0.5166272020569522
810 8.1 -0.5121496089177526
811 8.11 -0.5076771381382059
812 8.120000000000001 -0.5032100534767778
813 8.13 -0.49874861819989746
814 8.14 -0.49429309491733875
815 8.15 -0.4898437453916813
816 8.16 -0.48540083074794893
817 8.17 -0.4809646111498296
818 8.18 -0.4765353461248196
819 8.19 -0.47211329453966755
820 8.2 -0.4676987143034239
821 8.21 -0.46329186270349965
822 8.22 -0.4588929961055328
823 8.23 -0.45450236991700876
824 8.24 -0.4501202388823913
825 8.25 -0.44574685710631456
826 8.26 -0.4413824775165267
827 8.27 -0.4370273525087214
828 8.28 -0.43268173311389546
829 8.290000000000001 -0.4283458701065683
830 8.3 -0.42402001290520275
831 8.31 -0.4197044104116685
832 8.32 -0.4153993101549531
833 8.33 -0.4111049591720075
834 8.34 -0.4068216035993828
835 8.35 -0.40254948822394
836 8.36 -0.39828885726456065
837 8.370000000000001 -0.39403995400198255
838 8.38 -0.3898030204159113
839 8.39 -0.3855782979094329
840 8.4 -0.3813660266723673
841 8.41 -0.37716644603915483
842 8.42 -0.3729797942487494
843 8.43 -0.36880630866244246
844 8.44 -0.36464622534458613
845 8.45 -0.36049977974380454
846 8.46 -0.35636720603633876
847 8.47 -0.35224873727202066
848 8.48 -0.34814460598136066
849 8.49 -0.344055042742184
850 8.5 -0.3399802778221783
851 8.51 -0.33592054024120444
852 8.52 -0.33187605758757854
853 8.53 -0.3278470568875491
854 8.540000000000001 -0.32383376367033634
855 8.55 -0.3198364026056879
856 8.56 -0.31585519700456643
857 8.57 -0.31189036928390124
858 8.58 -0.30794214057095814
859 8.59 -0.30401073109260324
860 8.6 -0.3000963595159192
861 8.61 -0.29619924371036177
862 8.620000000000001 -0.2923196002284385
863 8.63 -0.2884576445167113
864 8.64 -0.28461359063476266
865 8.65 -0.2807876518836565
866 8.66 -0.27698003983095987
867 8.67 -0.2731909653020921
868 8.68 -0.2694206376108923
869 8.69 -0.2656692650689365
870 8.700000000000001 -0.2619370545444326
871 8.71 -0.25822421180146193
872 8.72 -0.2545309414235817
873 8.73 -0.250857446549162
874 8.74 -0.24720392905237532
875 8.75 -0.2435705898442393
876 8.76 -0.23995762828235456
877 8.77 -0.23636524264748004
878 8.78 -0.23279362964512984
879 8.790000000000001 -0.22924298495672701
880 8.8 -0.22571350278849422
881 8.81 -0.2222053762534415
882 8.82 -0.2187187969147999
883 8.83 -0.2152539550415895
884 8.84 -0.21181103969138348
885 8.85 -0.2083902385820693
886 8.86 -0.20499173794542003
887 8.870000000000001 -0.20161572278993845
888 8.88 -0.19826237669258262
889 8.89 -0.1949318819979453
890 8.9 -0.19162441942080477
891 8.91 -0.1883401685336139
892 8.92 -0.18507930753639812
893 8.93 -0.18184201309304626
894 8.94 -0.17862846050320513
895 8.950000000000001 -0.17543882371865038
896 8.96 -0.17227327523596614
897 8.97 -0.16913198619658942
898 8.98 -0.16601512624674797
899 8.99 -0.16292286352745577
900 9.0 -0.1598553649873793
901 9.01 -0.15681279593172803
902 9.02 -0.1537953203824145
903 9.03 -0.1508031007124373
904 9.040000000000001 -0.14783629791327257
905 9.05 -0.1448950717867774
906 9.06 -0.14197958013028256
907 9.07 -0.13908997966336756
908 9.08 -0.13622642542759422
909 9.09 -0.13338907130037114
910 9.1 -0.1305780691518521
911 9.11 -0.12779356979444856
912 9.120000000000001 -0.12503572240530048
913 9.13 -0.12230467444260285
914 9.14 -0.11960057227861398
915 9.15 -0.11692356029834627
916 9.16 -0.11427378175176273
917 9.17 -0.11165137812531611
918 9.18 -0.10905648940115498
919 9.19 -0.10648925416990096
920 9.200000000000001 -0.10394980930323072
921 9.21 -0.10143829018670658
922 9.22 -0.0989548307907171
923 9.23 -0.09649956305383967
924 9.24 -0.09407261803062283
925 9.25 -0.09167412480201165
926 9.26 -0.08930421075001505
927 9.27 -0.08696300206247543
928 9.28 -0.08465062314371607
929 9.290000000000001 -0.08236719683645788
930 9.3 -0.08011284425720078
931 9.31 -0.07788768520367739
932 9.32 -0.07569183761734166
933 9.33 -0.07352541799627943
934 9.34 -0.07138854117420124
935 9.35 -0.0692813204259437
936 9.36 -0.06720386709457671
937 9.370000000000001 -0.06515629161094694
938 9.38 -0.06313870190842863
939 9.39 -0.06115120506456151
940 9.4 -0.05919390601502528
941 9.41 -0.05726690823667013
942 9.42 -0.05537031365111034
943 9.43 -0.053504222382798616
944 9.44 -0.05166873312828102
945 9.450000000000001 -0.049863942454976495
946 9.46 -0.04808994602171879
947 9.47 -0.04634683708809462
948 9.48 -0.04463470784776291
949 9.49 -0.04295364853442152
950 9.5 -0.04130374762644351
951 9.51 -0.03968509212427307
952 9.52 -0.03809776726484415
953 9.53 -0.03654185662071541
954 9.540000000000001 -0.03501744230197801
955 9.55 -0.03352460424412129
956 9.56 -0.03206342134853912
957 9.57 -0.030633970246526587
958 9.58 -0.029236326080535946
959 9.59 -0.02787056256784126
960 9.6 -0.026536751254752744
961 9.61 -0.02523496248977608
962 9.620000000000001 -0.023965264364960603
963 9.63 -0.022727723880962003
964 9.64 -0.021522405838368286
965 9.65 -0.020349373576209473
966 9.66 -0.01920868865272496
967 9.67 -0.018100411073646683
968 9.68 -0.01702459881471441
969 9.69 -0.015981308401023853
970 9.700000000000001 -0.01497059469420492
971 9.71 -0.013992510384923662
972 9.72 -0.013047107044258155
973 9.73 -0.012134434135987249
974 9.74 -0.011254539404944808
975 9.75 -0.010407469161691552
976 9.76 -0.009593267817763262
977 9.77 -0.008811977743789612
978 9.78 -0.008063640009822848
979 9.790000000000001 -0.007348293984250631
980 9.8 -0.006665977075499541
981 9.81 -0.006016724767505366
982 9.82 -0.005400571463724191
983 9.83 -0.004817549073777627
984 9.84 -0.004267688185791485
985 9.85 -0.00375101773897768
986 9.86 -0.0032675646580173634
987 9.870000000000001 -0.002817354289618379
988 9.88 -0.0024004102233448066
989 9.89 -0.0020167543525531073
990 9.9 -0.001666406433287193
991 9.91 -0.0013493852384272031
992 9.92 -0.0010657069951776066
993 9.93 -0.000815386675640184
994 9.94 -0.0005984375175103196
995 9.950000000000001 -0.00041487052840238903
996 9.96 -0.0002646957373144687
997 9.97 -0.0001479206066505867
998 9.98 -6.455166749219643e-05
999 9.99 -1.4592895240639336e-05
1000 10.0 1.9530061763362028e-06
1001 10.01 -1.4914983694325201e-05
1002 10.02 -6.51959171591443e-05
1003 10.03 -0.00014888710757077206
1004 10.040000000000001 -0.0002659842984940042
1005 10.05 -0.0004164812571616494
1006 10.06 -0.0006003701337249367
1007 10.07 -0.000817641465800989
1008 10.08 -0.001068283558197436
1009 10.09 -0.0013522836816264316
1010 10.1 -0.0016696267421139055
1011 10.11 -0.002020296238697483
1012 10.120000000000001 -0.0024042736577030155
1013 10.13 -0.0028215391112098587
1014 10.14 -0.0032720707031330676
1015 10.15 -0.0037558450194410398
1016 10.16 -0.004272836398740765
1017 10.17 -0.0048230180282189394
1018 10.18 -0.005406361096902401
1019 10.19 -0.006022835121257231
1020 10.200000000000001 -0.006672407551377546
1021 10.21 -0.007355044715950498
1022 10.22 -0.008070710648098611
1023 10.23 -0.008819367991236504
1024 10.24 -0.009600977438822156
1025 10.25 -0.010415498168185877
1026 10.26 -0.011262887378507003
1027 10.27 -0.012143100700996001
1028 10.28 -0.013056092090664606
1029 10.290000000000001 -0.014001813677168684
1030 10.3 -0.014980215701143607
1031 10.31 -0.015991247119018226
1032 10.32 -0.017034854842677305
1033 10.33 -0.018110984090526472
1034 10.34 -0.019219578324737085
1035 10.35 -0.020360579642328958
1036 10.36 -0.021533927688324184
1037 10.370000000000001 -0.02273956151384482
1038 10.38 -0.023977417356036312
1039 10.39 -0.02524743012509134
1040 10.4 -0.026549533545221493
1041 10.41 -0.027883658957762236
1042 10.42 -0.02924973613517068
1043 10.43 -0.030647693634819007
1044 10.44 -0.03207745757390512
1045 10.450000000000001 -0.03353895306281629
1046 10.46 -0.03503210306917026
1047 10.47 -0.0365568289098519
1048 10.48 -0.03811305056933634
1049 10.49 -0.03970068605576671
1050 10.5 -0.04131965187843889
1051 10.51 -0.04296986235112854
1052 10.52 -0.044651230985436996
1053 10.53 -0.046363668810045056
1054 10.540000000000001 -0.048107085762239876
1055 10.55 -0.049881389918482455
1056 10.56 -0.0516864874816747
1057 10.57 -0.05352228344872856
1058 10.58 -0.055388680562828085
1059 10.59 -0.057285580521238444
1060 10.6 -0.05921288314675621
1061 10.61 -0.0611704864195417
1062 10.620000000000001 -0.06315828705919557
1063 10.63 -0.06517617970894207
1064 10.64 -0.06722405769414763
1065 10.65 -0.06930181274947245
1066 10.66 -0.0714093347578455
1067 10.67 -0.07354651220430242
1068 10.68 -0.07571323169213429
1069 10.69 -0.07790937837125966
1070 10.700000000000001 -0.08013483602826454
1071 10.71 -0.08238948651160172
1072 10.72 -0.08467321003172401
1073 10.73 -0.08698588542574726
1074 10.74 -0.08932738997100387
1075 10.75 -0.09169759894120943
1076 10.76 -0.09409638665420061
1077 10.77 -0.09652362526139768
1078 10.78 -0.09897918579554243
1079 10.790000000000001 -0.10146293744219292
1080 10.8 -0.10397474789988337
1081 10.81 -0.10651448348471604
1082 10.82 -0.1090820085228188
1083 10.83 -0.11167718622709799
1084 10.84 -0.11429987817246001
1085 10.85 -0.11694994415483961
1086 10.86 -0.11962724262775737
1087 10.870000000000001 -0.12233163065684494
1088 10.88 -0.1250629636033409
1089 10.89 -0.1278210951213623
1090 10.9 -0.13060587774998567
1091 10.91 -0.13341716221475508
1092 10.92 -0.13625479793608974
1093 10.93 -0.13911863274097414
1094 10.94 -0.14200851302393858
1095 10.950000000000001 -0.14492428354060394
1096 10.96 -0.147865787687806
1097 10.97 -0.15083286756453163
1098 10.98 -0.15382536341257946
1099 10.99 -0.1568431140958637
1100 11.0 -0.15988595738417644
1101 11.01 -0.162953729194669
1102 11.02 -0.1660462642694256
1103 11.03 -0.1691633957252634
1104 11.040000000000001 -0.17230495514013455
1105 11.05 -0.17547077312519832
1106 11.06 -0.17866067834165733
1107 11.07 -0.18187449849665427
1108 11.08 -0.1851120593455562
1109 11.09 -0.1883731857087696
1110 11.1 -0.1916577009296816
1111 11.11 -0.1949654269255916
1112 11.120000000000001 -0.19829618390667747
1113 11.13 -0.20164979127366678
1114 11.14 -0.20502606659556477
1115 11.15 -0.20842482635089254
1116 11.16 -0.21184588558662654
1117 11.17 -0.2152890579891391
1118 11.18 -0.21875415557497035
1119 11.19 -0.22224098978313123
1120 11.200000000000001 -0.22574937005174434
1121 11.21 -0.22927910481030267
1122 11.22 -0.2328300008448423
1123 11.23 -0.23640186414922937
1124 11.24 -0.23999449895654834
1125 11.25 -0.2436077085449142
1126 11.26 -0.24724129455626098
1127 11.27 -0.2508950575902418
1128 11.28 -0.25456879715147807
1129 11.290000000000001 -0.2582623109083215
1130 11.3 -0.26197539571967354
1131 11.31 -0.2657078472775538
1132 11.32 -0.2694594595122908
1133 11.33 -0.27323002569391974
1134 11.34 -0.27701933752541663
1135 11.35 -0.28082718561472575
1136 11.36 -0.2846533593192362
1137 11.370000000000001 -0.28849764675942424
1138 11.38 -0.29235983470698557
1139 11.39 -0.29623970939246647
1140 11.4 -0.3001370549809508
1141 11.41 -0.3040516549735912
1142 11.42 -0.3079832917655949
1143 11.43 -0.31193174642612576
1144 11.44 -0.31589679881381016
1145 11.450000000000001 -0.3198782276685961
1146 11.46 -0.3238758108436741
1147 11.47 -0.3278893248298118
1148 11.48 -0.3319185449163342
1149 11.49 -0.3359632455603787
1150 11.5 -0.3400231999667085
1151 11.51 -0.3440981801286398
1152 11.52 -0.34818795737373875
1153 11.53 -0.3522923015480046
1154 11.540000000000001 -0.3564109813532923
1155 11.55 -0.3605437651012835
1156 11.56 -0.3646904191673457
1157 11.57 -0.36885070954213006
1158 11.58 -0.37302440089752054
1159 11.59 -0.3772112570259196
1160 11.6 -0.38141104061742226
1161 11.61 -0.385623513228893
1162 11.620000000000001 -0.3898484357760026
1163 11.63 -0.39408556792113814
1164 11.64 -0.398334668334428
1165 11.65 -0.4025954950302548
1166 11.66 -0.40686780459145666
1167 11.67 -0.4111513531252058
1168 11.68 -0.41544589540535526
1169 11.69 -0.4197511854763434
1170 11.700000000000001 -0.4240669763084952
1171 11.71 -0.42839302047104866
1172 11.72 -0.432729068838853
1173 11.73 -0.4370748720575648
1174 11.74 -0.4414301796368818
1175 11.75 -0.44579474000147457
1176 11.76 -0.4501683011540081
1177 11.77 -0.4545506099066188
1178 11.78 -0.4589414124347968
1179 11.790000000000001 -0.46334045377352595
1180 11.8 -0.46774747867402766
1181 11.81 -0.4721622304750781
1182 11.82 -0.47658445206525357
1183 11.83 -0.4810138856055346
1184 11.84 -0.48545027220552583
1185 11.85 -0.48989335223632224
1186 11.86 -0.494342865519684
1187 11.870000000000001 -0.4987985509833379
1188 11.88 -0.5032601469119982
1189 11.89 -0.5077273904898902
1190 11.9 -0.5122000189394385
1191 11.91 -0.5166777677177379
1192 11.92 -0.5211603725738314
1193 11.93 -0.525647568122622
1194 11.94 -0.5301390881204497
1195 11.950000000000001 -0.5346346660853669
1196 11.96 -0.5391340344449418
1197 11.97 -0.5436369253611701
1198 11.98 -0.5481430702084253
1199 11.99 -0.5526521993997449
1200 12.0 -0.5571640431608103
1201 12.01 -0.561678331292569
1202 12.02 -0.5661947923235857
1203 12.030000000000001 -0.5707131548460893
1204 12.040000000000001 -0.5752331464382223
1205 12.05 -0.5797544942925015
1206 12.06 -0.5842769249693447
1207 12.07 -0.5888001647608689
1208 12.08 -0.5933239390597009
1209 12.09 -0.5978479730038089
1210 12.1 -0.6023719908935163
1211 12.11 -0.6068957170718932
1212 12.120000000000001 -0.6114188749616005
1213 12.13 -0.6159411875560181
1214 12.14 -0.6204623776275184
1215 12.15 -0.6249821671553946
1216 12.16 -0.6295002778288108
1217 12.17 -0.634016431240525
1218 12.18 -0.6385303480492439
1219 12.19 -0.6430417486080842
1220 12.200000000000001 -0.6475503531955837
1221 12.21 -0.6520558814818287
1222 12.22 -0.6565580526166741
1223 12.23 -0.6610565858018163
1224 12.24 -0.6655511993822074
1225 12.25 -0.6700416119037982
1226 12.26 -0.6745275409321039
1227 12.27 -0.6790087043837048
1228 12.280000000000001 -0.6834848195558152
1229 12.290000000000001 -0.6879556035592032
1230 12.3 -0.6924207728789042
1231 12.31 -0.6968800440799896
1232 12.32 -0.7013331337184354
1233 12.33 -0.7057797574552751
1234 12.34 -0.710219631219843
1235 12.35 -0.714652470414876
1236 12.36 -0.7190779904940428
1237 12.370000000000001 -0.7234959066427109
1238 12.38 -0.7279059336979117
1239 12.39 -0.7323077863611616
1240 12.4 -0.7367011796595762
1241 12.41 -0.7410858275807186
1242 12.42 -0.7454614448261054
1243 12.43 -0.7498277453896662
1244 12.44 -0.7541844435245366
1245 12.450000000000001 -0.7585312532810349
1246 12.46 -0.7628678885976115
1247 12.47 -0.7671940633235863
1248 12.48 -0.7715094910072366
1249 12.49 -0.7758138856524965
1250 12.5 -0.7801069610459308
1251 12.51 -0.7843884306694235
1252 12.52 -0.7886580082185901
1253 12.530000000000001 -0.7929154076391569
1254 12.540000000000001 -0.7971603423493434
1255 12.55 -0.8013925262002886
1256 12.56 -0.8056116728048437
1257 12.57 -0.8098174961869518
1258 12.58 -0.8140097099785635
1259 12.59 -0.8181880283264036
1260 12.6 -0.8223521652389536
1261 12.61 -0.8265018348547528
1262 12.620000000000001 -0.8306367513914665
1263 12.63 -0.8347566293041382
1264 12.64 -0.8388611829377624
1265 12.65 -0.8429501273039932
1266 12.66 -0.8470231769442762
1267 12.67 -0.851080046957577
1268 12.68 -0.8551204526602305
1269 12.69 -0.8591441093831236
1270 12.700000000000001 -0.8631507328445878
1271 12.71 -0.8671400387956965
1272 12.72 -0.8711117433304025
1273 12.73 -0.875065562945565
1274 12.74 -0.8790012141862462
1275 12.75 -0.8829184140886355
1276 12.76 -0.8868168795952442
1277 12.77 -0.8906963285189704
1278 12.780000000000001 -0.894556478638151
1279 12.790000000000001 -0.898397047925755
1280 12.8 -0.9022177551441928
1281 12.81 -0.9060183190294993
1282 12.82 -0.9097984589634507
1283 12.83 -0.913557894466976
1284 12.84 -0.9172963455048375
1285 12.85 -0.9210135328357865
1286 12.86 -0.9247091771476335
1287 12.870000000000001 -0.9283829996475106
1288 12.88 -0.9320347222328564
1289 12.89 -0.9356640671430796
1290 12.9 -0.9392707571978463
1291 12.91 -0.9428545153250525
1292 12.92 -0.9464150654639525
1293 12.93 -0.9499521317475228
1294 12.94 -0.9534654390372452
1295 12.950000000000001 -0.9569547124383462
1296 12.96 -0.9604196781692735
1297 12.97 -0.9638600623302409
1298 12.98 -0.9672755919582414
1299 12.99 -0.9706659950425092
1300 13.0 -0.9740309994331255
1301 13.01 -0.977370334250736
1302 13.02 -0.9806837285996153
1303 13.030000000000001 -0.9839709129937546
1304 13.040000000000001 -0.9872316182727445
1305 13.05 -0.9904655757081855
1306 13.06 -0.9936725177012704
1307 13.07 -0.9968521769878862
1308 13.08 -1.00000428731164
1309 13.09 -1.0031285826817111
1310 13.1 -1.0062247987234514
1311 13.11 -1.0092926708639425
1312 13.120000000000001 -1.0123319359881862
1313 13.13 -1.01534233127677
1314 13.14 -1.0183235951708411
1315 13.15 -1.0212754665762986
1316 13.16 -1.0241976853658343
1317 13.17 -1.0270899921169985
1318 13.18 -1.029952128818877
1319 13.19 -1.0327838372968472
1320 13.200000000000001 -1.035584861237112
1321 13.21 -1.0383549446314646
1322 13.22 -1.0410938327531767
1323 13.23 -1.0438012714639626
1324 13.24 -1.046477007890644
1325 13.25 -1.0491207898476205
1326 13.26 -1.0517323661952105
1327 13.27 -1.0543114868178236
1328 13.280000000000001 -1.0568579025621148
1329 13.290000000000001 -1.0593713651351209
1330 13.3 -1.061851627512624
1331 13.31 -1.064298443640837
1332 13.32 -1.0667115682299482
1333 13.33 -1.0690907576072277
1334 13.34 -1.0714357685938012
1335 13.35 -1.0737463594177825
1336 13.36 -1.0760222890994555
1337 13.370000000000001 -1.0782633184389852
1338 13.38 -1.0804692084138878
1339 13.39 -1.0826397220007493
1340 13.4 -1.0847746229101176
1341 13.41 -1.08687367600578
1342 13.42 -1.0889366473620612
1343 13.43 -1.0909633044757356
1344 13.44 -1.092953415503871
1345 13.450000000000001 -1.0949067505844141
1346 13.46 -1.096823080494687
1347 13.47 -1.0987021773607921
1348 13.48 -1.1005438148195026
1349 13.49 -1.1023477676471884
1350 13.5 -1.1041138116934235
1351 13.51 -1.1058417244294105
1352 13.52 -1.1075312844031941
1353 13.530000000000001 -1.1091822716634852
1354 13.540000000000001 -1.1107944675886756
1355 13.55 -1.1123676547294963
1356 13.56 -1.1139016172282936
1357 13.57 -1.1153961403333597
1358 13.58 -1.1168510109901035
1359 13.59 -1.1182660176773425
1360 13.6 -1.1196409496051274
1361 13.61 -1.120975597918914
1362 13.620000000000001 -1.1222697555058403
1363 13.63 -1.1235232159606312
1364 13.64 -1.1247357748216018
1365 13.65 -1.1259072293105419
1366 13.66 -1.127037377558736
1367 13.67 -1.1281260195692084
1368 13.68 -1.1291729570084499
1369 13.69 -1.1301779928126052
1370 13.700000000000001 -1.1311409316003846
1371 13.71 -1.1320615795575577
1372 13.72 -1.1329397442368645
1373 13.73 -1.1337752352483221
1374 13.74 -1.1345678633670104
1375 13.75 -1.1353174411815417
1376 13.76 -1.136023782902157
1377 13.77 -1.136686704226122
1378 13.780000000000001 -1.1373060227942915
1379 13.790000000000001 -1.137881557890978
1380 13.8 -1.1384131299073488
1381 13.81 -1.1389005619666932
1382 13.82 -1.1393436779844706
1383 13.83 -1.139742304117135
1384 13.84 -1.1400962678480937
1385 13.85 -1.1404053988962914
1386 13.86 -1.1406695285113528
1387 13.870000000000001 -1.140888489462668
1388 13.88 -1.141062116646026
1389 13.89 -1.1411902467561958
1390 13.9 -1.1412727181868831
1391 13.91 -1.141309371092575
1392 13.92 -1.1413000475977242
1393 13.93 -1.141244591774921
1394 13.94 -1.14114284920106
1395 13.950000000000001 -1.1409946675103129
1396 13.96 -1.140799896495082
1397 13.97 -1.1405583874902732
1398 13.98 -1.140269993925358
1399 13.99 -1.1399345712043214
1400 14.0 -1.1395519763791526
1401 14.01 -1.1391220686409724
1402 14.02 -1.138644709426444
1403 14.030000000000001 -1.138119761544658
1404 14.040000000000001 -1.1375470902949019
1405 14.05 -1.1369265629073197
1406 14.06 -1.1362580484328646
1407 14.07 -1.1355414180188745
1408 14.08 -1.1347765448672362
1409 14.09 -1.1339633040815897
1410 14.1 -1.1331015735331675
1411 14.11 -1.1321912320408956
1412 14.120000000000001 -1.1312321614304892
1413 14.13 -1.1302242452102291
1414 14.14 -1.1291673689620438
1415 14.15 -1.1280614206152677
1416 14.16 -1.1269062902156293
1417 14.17 -1.1257018697215244
1418 14.18 -1.1244480533068781
1419 14.19 -1.123144737709481
1420 14.200000000000001 -1.1217918212405493
1421 14.21 -1.1203892050216382
1422 14.22 -1.1189367916686024
1423 14.23 -1.117434486827733
1424 14.24 -1.1158821974086095
1425 14.25 -1.1142798338023567
1426 14.26 -1.1126273072823096
1427 14.27 -1.1109245324942094
1428 14.280000000000001 -1.1091714258691354
1429 14.290000000000001 -1.107367906079162
1430 14.3 -1.1055138941019322
1431 14.31 -1.103609313621746
1432 14.32 -1.1016540899900065
1433 14.33 -1.0996481516285712
1434 14.34 -1.0975914284354076
1435 14.35 -1.0954838532561553
1436 14.36 -1.0933253615112335
1437 14.370000000000001 -1.0911158901817544
1438 14.38 -1.0888553792838138
1439 14.39 -1.0865437715847293
1440 14.4 -1.084181010824068
1441 14.41 -1.0817670445458134
1442 14.42 -1.0793018220683734
1443 14.43 -1.0767852955323178
1444 14.44 -1.074217419107299
1445 14.450000000000001 -1.0715981496041422
1446 14.46 -1.0689274466249117
1447 14.47 -1.066205271691615
1448 14.48 -1.063431589060201
1449 14.49 -1.0606063656778133
1450 14.5 -1.0577295707062149
1451 14.51 -1.0548011759697147
1452 14.52 -1.0518211556923234
1453 14.530000000000001 -1.048789487051181
1454 14.540000000000001 -1.0457061491124477
1455 14.55 -1.0425711242064608
1456 14.56 -1.0393843964920961
1457 14.57 -1.0361459535874928
1458 14.58 -1.0328557847701632
1459 14.59 -1.0295138825163122
1460 14.6 -1.026120241877834
1461 14.61 -1.022674860663301
1462 14.620000000000001 -1.0191777383824956
1463 14.63 -1.015628878267762
1464 14.64 -1.01202828570149
1465 14.65 -1.0083759689196086
1466 14.66 -1.0046719386000404
1467 14.67 -1.0009162082824332
1468 14.68 -0.9971087938893106
1469 14.69 -0.9932497145450725
1470 14.700000000000001 -0.989338991641489
1471 14.71 -0.9853766494993579
1472 14.72 -0.9813627149128479
1473 14.73 -0.9772972177233896
1474 14.74 -0.9731801904076747
1475 14.75 -0.9690116678980303
1476 14.76 -0.9647916882827303
1477 14.77 -0.9605202924758487
1478 14.780000000000001 -0.9561975233459634
1479 14.790000000000001 -0.9518234276856674
1480 14.8 -0.9473980541488345
1481 14.81 -0.9429214547662923
1482 14.82 -0.9383936840849856
1483 14.83 -0.9338147993366874
1484 14.84 -0.9291848610682791
1485 14.85 -0.9245039321090189
1486 14.86 -0.9197720783154182
1487 14.870000000000001 -0.9149893685848838
1488 14.88 -0.9101558743504938
1489 14.89 -0.9052716699284247
1490 14.9 -0.9003368331013917
1491 14.91 -0.8953514433646887
1492 14.92 -0.8903155842567685
1493 14.93 -0.8852293413428924
1494 14.94 -0.8800928036866935
1495 14.950000000000001 -0.8749060629183987
1496 14.96 -0.8696692135704325
1497 14.97 -0.8643823530333066
1498 14.98 -0.8590455821367868
1499 14.99 -0.85365900388706
1500 15.0 -0.8482227245253853
1501 15.01 -0.8427368532884429
1502 15.02 -0.8372015026684494
1503 15.030000000000001 -0.8316167874968414
1504 15.040000000000001 -0.8259828256727815
1505 15.05 -0.820299738434187
1506 15.06 -0.8145676496806118
1507 15.07 -0.8087866863052113
1508 15.08 -0.8029569783921033
1509 15.09 -0.7970786587566181
1510 15.1 -0.7911518630576211
1511 15.11 -0.7851767304491659
1512 15.120000000000001 -0.7791534028347087
1513 15.13 -0.7730820249412318
1514 15.14 -0.7669627446789491
1515 15.15 -0.7607957130985596
1516 15.16 -0.7545810838191755
1517 15.17 -0.7483190140765146
1518 15.18 -0.7420096634932634
1519 15.19 -0.7356531954060301
1520 15.200000000000001 -0.7292497756038756
1521 15.21 -0.7227995733151147
1522 15.22 -0.7163027604492527
1523 15.23 -0.7097595121790619
1524 15.24 -0.7031700068519058
1525 15.25 -0.6965344257941979
1526 15.26 -0.6898529531213171
1527 15.27 -0.6831257764911243
1528 15.280000000000001 -0.6763530858370359
1529 15.290000000000001 -0.6695350749973841
1530 15.3 -0.6626719406331176
1531 15.31 -0.6557638820418106
1532 15.32 -0.6488111022517842
1533 15.33 -0.6418138071639987
1534 15.34 -0.6347722053642428
1535 15.35 -0.6276865090580941
1536 15.36 -0.6205569332291816
1537 15.370000000000001 -0.6133836958865686
1538 15.38 -0.6061670186982155
1539 15.39 -0.5989071255903582
1540 15.4 -0.5916042442572689
1541 15.41 -0.584258604945262
1542 15.42 -0.5768704415777393
1543 15.43 -0.5694399909034473
1544 15.44 -0.5619674925742402
1545 15.450000000000001 -0.5544531894211104
1546 15.46 -0.5468973279553211
1547 15.47 -0.5393001569582339
1548 15.48 -0.5316619289260416
1549 15.49 -0.5239828990265778
1550 15.5 -0.5162633258523783
1551 15.51 -0.5085034710573382
1552 15.52 -0.5007035990684017
1553 15.530000000000001 -0.49286397806645255
1554 15.540000000000001 -0.48498487886990915
1555 15.55 -0.47706657531489327
1556 15.56 -0.46910934466677645
1557 15.57 -0.4611134673559718
1558 15.58 -0.4530792265572927
1559 15.59 -0.44500690861104886
1560 15.6 -0.4368968033677447
1561 15.610000000000001 -0.42874920361236946
1562 15.620000000000001 -0.4205644047729038
1563 15.63 -0.41234270599170486
1564 15.64 -0.40408440907231125
1565 15.65 -0.3957898195362759
1566 15.66 -0.38745924522254427
1567 15.67 -0.3790929973565653
1568 15.68 -0.37069139064169576
1569 15.69 -0.3622547425202356
1570 15.700000000000001 -0.35378337362044476
1571 15.71 -0.34527760739911173
1572 15.72 -0.3367377707600099
1573 15.73 -0.32816419371147276
1574 15.74 -0.3195572088461631
1575 15.75 -0.31091715284765087
1576 15.76 -0.3022443640638812
1577 15.77 -0.29353918511969823
1578 15.780000000000001 -0.2848019610269148
1579 15.790000000000001 -0.2760330403830267
1580 15.8 -0.2672327743234746
1581 15.81 -0.2584015173856642
1582 15.82 -0.24953962693825815
1583 15.83 -0.240647463591813
1584 15.84 -0.2317253912410706
1585 15.85 -0.22277377610134863
1586 15.860000000000001 -0.21379298810234104
1587 15.870000000000001 -0.20478339966348358
1588 15.88 -0.19574538668121022
1589 15.89 -0.18667932802509313
1590 15.9 -0.17758560554830183
1591 15.91 -0.1684646036792401
1592 15.92 -0.15931671036514672
1593 15.93 -0.1501423166605491
1594 15.94 -0.14094181597874922
1595 15.950000000000001 -0.1317156049958612
1596 15.96 -0.12246408424334732
1597 15.97 -0.11318765553278354
1598 15.98 -0.10388672489443707
1599 15.99 -0.0945617011975628
1600 16.0 -0.08521299581798303
1601 16.01 -0.0758410234548137
1602 16.02 -0.0664462015170102
1603 16.03 -0.05702895031845401
1604 16.04 -0.04758969356998932
1605 16.05 -0.03812885723755244
1606 16.06 -0.028646870655393286
1607 16.07 -0.01914416589670509
1608 16.080000000000002 -0.00962117779727123
1609 16.09 -7.834427015041001e-05
1610 16.1 0.009483893844844715
1611 16.11 0.019065092948494566
1612 16.12 0.028664806793130992
1613 16.13 0.03828258605017254
1614 16.14 0.04791797828374911
1615 16.15 0.0575705290307269
1616 16.16 0.06723978018635535
1617 16.17 0.07692527128392612
1618 16.18 0.08662653879173376
1619 16.19 0.09634311691161201
1620 16.2 0.10607453634975172
1621 16.21 0.11582032560954758
1622 16.22 0.1255800102117064
1623 16.23 0.135353112968005
1624 16.240000000000002 0.14513915393354182
1625 16.25 0.15493765055043696
1626 16.26 0.16474811757780117
1627 16.27 0.1745700667311212
1628 16.28 0.18440300769589157
1629 16.29 0.19424644679475023
1630 16.3 0.20409988801202417
1631 16.31 0.2139628331010499
1632 16.32 0.22383478006349833
1633 16.330000000000002 0.2337152254604007
1634 16.34 0.24360366304335912
1635 16.35 0.2534995829305444
1636 16.36 0.26340247441203246
1637 16.37 0.2733118226028637
1638 16.38 0.2832271110128204
1639 16.39 0.29314782018400365
1640 16.4 0.30307342860214703
1641 16.41 0.3130034118908043
1642 16.42 0.32293724304645366
1643 16.43 0.3328743931037934
1644 16.44 0.3428143304549849
1645 16.45 0.35275652046630057
1646 16.46 0.3627004271347687
1647 16.47 0.3726455112973781
1648 16.48 0.3825912316005997
1649 16.490000000000002 0.3925370443312204
1650 16.5 0.4024824035727761
1651 16.51 0.41242676105821374
1652 16.52 0.422369565646477
1653 16.53 0.4323102649223074
1654 16.54 0.4422483032826676
1655 16.55 0.45218312310908004
1656 16.56 0.46211416511960124
1657 16.57 0.472040866864063
1658 16.580000000000002 0.48196266434297286
1659 16.59 0.4918789914199806
1660 16.6 0.5017892790588121
1661 16.61 0.5116929570085631
1662 16.62 0.5215894521093105
1663 16.63 0.5314781899119225
1664 16.64 0.5413585932942624
1665 16.65 0.5512300829454944
1666 16.66 0.5610920779449771
1667 16.67 0.5709439953361652
1668 16.68 0.5807852499465298
1669 16.69 0.590615254576278
1670 16.7 0.6004334204876614
1671 16.71 0.610239156489115
1672 16.72 0.6200318699352465
1673 16.73 0.6298109656968336
1674 16.740000000000002 0.6395758477383424
1675 16.75 0.6493259169824341
1676 16.76 0.6590605738001614
1677 16.77 0.6687792157231343
1678 16.78 0.6784812391711057
1679 16.79 0.6881660383874078
1680 16.8 0.6978330065421687
1681 16.81 0.7074815343585215
1682 16.82 0.7171110109702568
1683 16.830000000000002 0.7267208244907124
1684 16.84 0.7363103611505721
1685 16.85 0.74587900523602
1686 16.86 0.7554261396803668
1687 16.87 0.7649511463500858
1688 16.88 0.7744534044541069
1689 16.89 0.7839322932181858
1690 16.9 0.793387189285113
1691 16.91 0.8028174681867313
1692 16.92 0.8122225040929152
1693 16.93 0.8216016701667286
1694 16.94 0.8309543373816268
1695 16.95 0.8402798764564068
1696 16.96 0.8495776558615944
1697 16.97 0.8588470433851398
1698 16.98 0.8680874054657579
1699 16.990000000000002 0.8772981073398114
1700 17.0 0.8864785129612756
1701 17.01 0.895627985322335
1702 17.02 0.9047458861500672
1703 17.03 0.9138315764557774
1704 17.04 0.9228844156614286
1705 17.05 0.9319037629097693
1706 17.06 0.9408889755654855
1707 17.07 0.9498394105421539
1708 17.080000000000002 0.9587544240184798
1709 17.09 0.9676333706338482
1710 17.1 0.9764756046911316
1711 17.11 0.9852804796164492
1712 17.12 0.9940473480592118
1713 17.13 1.0027755617879848
1714 17.14 1.0114644722470985
1715 17.150000000000002 1.02011342996866
1716 17.16 1.0287217841209895
1717 17.17 1.0372888846704882
1718 17.18 1.0458140802111302
1719 17.19 1.054296718772548
1720 17.2 1.0627361482806919
1721 17.21 1.0711317155291908
1722 17.22 1.0794827679001173
1723 17.23 1.0877886513467274
1724 17.240000000000002 1.0960487125726104
1725 17.25 1.1042622969043805
1726 17.26 1.1124287499687853
1727 17.27 1.1205474172479626
1728 17.28 1.1286176438284201
1729 17.29 1.1366387748130364
1730 17.3 1.1446101546716818
1731 17.31 1.1525311287323348
1732 17.32 1.1604010417513564
1733 17.330000000000002 1.1682192383113943
1734 17.34 1.1759850634930444
1735 17.35 1.1836978620945047
1736 17.36 1.191356979246848
1737 17.37 1.19896176049906
1738 17.38 1.2065115512164084
1739 17.39 1.2140056971356898
1740 17.400000000000002 1.2214435445530398
1741 17.41 1.2288244397168455
1742 17.42 1.236147729541699
1743 17.43 1.2434127616365913
1744 17.44 1.250618883575953
1745 17.45 1.2577654436227022
1746 17.46 1.2648517907491623
1747 17.47 1.2718772746234208
1748 17.48 1.2788412452036937
1749 17.490000000000002 1.2857430536068932
1750 17.5 1.292582051847603
1751 17.51 1.2993575919172144
1752 17.52 1.30606902726322
1753 17.53 1.3127157123299185
1754 17.54 1.3192970021441397
1755 17.55 1.3258122531528898
1756 17.56 1.3322608226121702
1757 17.57 1.3386420687875216
1758 17.580000000000002 1.3449553514869876
1759 17.59 1.3512000310565782
1760 17.6 1.3573754696685683
1761 17.61 1.3634810309058594
1762 17.62 1.3695160791348826
1763 17.63 1.3754799805155926
1764 17.64 1.381372102577643
1765 17.650000000000002 1.3871918141403512
1766 17.66 1.3929384862267398
1767 17.67 1.3986114909007483
1768 17.68 1.4042102017438083
1769 17.69 1.4097339948571062
1770 17.7 1.4151822473472748
1771 17.71 1.420554338445072
1772 17.72 1.4258496495335748
1773 17.73 1.4310675634960717
1774 17.740000000000002 1.436207465310872
1775 17.75 1.4412687421736337
1776 17.76 1.4462507835905853
1777 17.77 1.451152980673669
1778 17.78 1.4559747272087407
1779 17.79 1.4607154192212874
1780 17.8 1.465374454749508
1781 17.81 1.4699512348122425
1782 17.82 1.4744451621977532
1783 17.830000000000002 1.4788556429243727
1784 17.84 1.4831820853282807
1785 17.85 1.4874238997683733
1786 17.86 1.4915805004964113
1787 17.87 1.4956513035256194
1788 17.88 1.499635728115436
1789 17.89 1.5035331964575107
1790 17.900000000000002 1.507343133891709
1791 17.91 1.5110649678579193
1792 17.92 1.5146981300770221
1793 17.93 1.5182420546034336
1794 17.94 1.521696178981756
1795 17.95 1.5250599443381816
1796 17.96 1.5283327942668166
1797 17.97 1.5315141766586748
1798 17.98 1.5346035425202444
1799 17.990000000000002 1.537600346325462
1800 18.0 1.5405040460545933
1801 18.01 1.5433141039552538
1802 18.02 1.54602998505311
1803 18.03 1.5486511593317118
1804 18.04 1.5511770995240113
1805 18.05 1.5536072832601349
1806 18.06 1.5559411916055979
1807 18.07 1.5581783096497475
1808 18.080000000000002 1.5603181271530957
1809 18.09 1.5623601379677439
1810 18.1 1.564303839397553
1811 18.11 1.5661487346778813
1812 18.12 1.5678943300652008
1813 18.13 1.5695401370239779
1814 18.14 1.5710856716648323
1815 18.150000000000002 1.572530454245225
1816 18.16 1.573874010355894
1817 18.17 1.575115870092759
1818 18.18 1.576255568585566
1819 18.19 1.5772926456425012
1820 18.2 1.5782266465362227
1821 18.21 1.5790571214113243
1822 18.22 1.5797836253148034
1823 18.23 1.5804057194227425
1824 18.240000000000002 1.5809229691826658
1825 18.25 1.5813349464060593
1826 18.26 1.5816412278868484
1827 18.27 1.5818413961339957
1828 18.28 1.5819350396375285
1829 18.29 1.5819217518935602
1830 18.3 1.581801133055933
1831 18.31 1.5815727886913464
1832 18.32 1.5812363304603423
1833 18.330000000000002 1.5807913762309909
1834 18.34 1.5802375498897163
1835 18.35 1.5795744815541184
1836 18.36 1.57880180792381
1837 18.37 1.5779191718431775
1838 18.38 1.5769262228066054
1839 18.39 1.5758226166133227
1840 18.400000000000002 1.5746080164631167
1841 18.41 1.5732820910561713
1842 18.42 1.571844517513
1843 18.43 1.570294978691436
1844 18.44 1.5686331647311818
1845 18.45 1.566858773146805
1846 18.46 1.564971508628787
1847 18.47 1.56297108283934
1848 18.48 1.560857215341457
1849 18.490000000000002 1.5586296324518116
1850 18.5 1.5562880689228678
1851 18.51 1.5538322664444877
1852 18.52 1.5512619745966276
1853 18.53 1.5485769514352796
1854 18.54 1.5457769620702493
1855 18.55 1.5428617797686002
1856 18.56 1.5398311867249959
1857 18.57 1.5366849726626697
1858 18.580000000000002 1.5334229356451488
1859 18.59 1.5300448823547868
1860 18.6 1.526550627986353
1861 18.61 1.5229399960394403
1862 18.62 1.5192128192209111
1863 18.63 1.5153689386495444
1864 18.64 1.5114082044017323
1865 18.650000000000002 1.5073304756679136
1866 18.66 1.5031356209003661
1867 18.67 1.4988235175521822
1868 18.68 1.4943940520852266
1869 18.69 1.489847120999002
1870 18.7 1.4851826300878201
1871 18.71 1.4804004943707696
1872 18.72 1.4755006390937524
1873 18.73 1.4704829992497253
1874 18.740000000000002 1.4653475193013037
1875 18.75 1.4600941544247235
1876 18.76 1.4547228695598733
1877 18.77 1.4492336397509007
1878 18.78 1.4436264507871783
1879 18.79 1.4379012988335944
1880 18.8 1.4320581902920821
1881 18.81 1.4260971428336688
1882 18.82 1.4200181842259099
1883 18.830000000000002 1.4138213536052717
1884 18.84 1.4075067013945954
1885 18.85 1.4010742882983322
1886 18.86 1.3945241869598703
1887 18.87 1.3878564810881926
1888 18.88 1.3810712659062574
1889 18.89 1.3741686482960631
1890 18.900000000000002 1.3671487470564898
1891 18.91 1.3600116919437824
1892 18.92 1.3527576257615692
1893 18.93 1.3453867025268664
1894 18.94 1.337899088751783
1895 18.95 1.330294963417714
1896 18.96 1.3225745173665473
1897 18.97 1.3147379544897149
1898 18.98 1.3067854911523682
1899 18.990000000000002 1.298717356122438
1900 19.0 1.2905337916448616
1901 19.01 1.2822350527229673
1902 19.02 1.2738214069195237
1903 19.03 1.265293136266564
1904 19.04 1.2566505352423292
1905 19.05 1.2478939117247592
1906 19.06 1.2390235881399576
1907 19.07 1.2300398993921817
1908 19.080000000000002 1.2209431951324632
1909 19.09 1.2117338394822355
1910 19.1 1.2024122089554794
1911 19.11 1.192978696093519
1912 19.12 1.183433706859887
1913 19.13 1.1737776619628448
1914 19.14 1.1640109971629045
1915 19.150000000000002 1.1541341622108803
1916 19.16 1.1441476222394158
1917 19.17 1.1340518576095064
1918 19.18 1.1238473636200297
1919 19.19 1.1135346500819878
1920 19.2 1.1031142442551527
1921 19.21 1.0925866871278913
1922 19.22 1.0819525361021078
1923 19.23 1.071212364353073
1924 19.240000000000002 1.060366761362161
1925 19.25 1.0494163318593337
1926 19.26 1.0383616980431043
1927 19.27 1.0272034974813096
1928 19.28 1.0159423851825977
1929 19.29 1.0045790318058607
1930 19.3 0.99311412586394
1931 19.31 0.9815483726176808
1932 19.32 0.9698824931408581
1933 19.330000000000002 0.9581172281167483
1934 19.34 0.9462533336411525
1935 19.35 0.9342915839653188
1936 19.36 0.9222327717079679
1937 19.37 0.9100777067837953
1938 19.38 0.8978272162405574
1939 19.39 0.8854821469808485
1940 19.400000000000002 0.8730433629704066
1941 19.41 0.8605117469552397
1942 19.42 0.8478882004488923
1943 19.43 0.835173643316125
1944 19.44 0.8223690147771094
1945 19.45 0.8094752727507739
1946 19.46 0.7964933942531616
1947 19.47 0.7834243762104052
1948 19.48 0.7702692344950606
1949 19.490000000000002 0.7570290048457764
1950 19.5 0.7437047427571883
1951 19.51 0.7302975242252501
1952 19.52 0.7168084439774134
1953 19.53 0.7032386190631996
1954 19.54 0.6895891849875397
1955 19.55 0.6758612995529916
1956 19.56 0.6620561403090051
1957 19.57 0.6481749056158037
1958 19.580000000000002 0.6342188155791177
1959 19.59 0.620189111451964
1960 19.6 0.6060870554551343
1961 19.61 0.5919139322238607
1962 19.62 0.5776710471905062
1963 19.63 0.5633597280876188
1964 19.64 0.5489813253060447
1965 19.650000000000002 0.5345372108064339
1966 19.66 0.5200287789073172
1967 19.67 0.5054574472078457
1968 19.68 0.4908246556475433
1969 19.69 0.4761318667419232
1970 19.7 0.46138056709253306
1971 19.71 0.4465722656163962
1972 19.72 0.43170849542934775
1973 19.73 0.4167908125747317
1974 19.740000000000002 0.40182079742925225
1975 19.75 0.3868000543712924
1976 19.76 0.3717302118072894
1977 19.77 0.3566129222365362
1978 19.78 0.3414498634498102
1979 19.79 0.32624273685519256
1980 19.8 0.3109932697191766
1981 19.81 0.2957032138369584
1982 19.82 0.28037434638511627
1983 19.830000000000002 0.26500846976512094
1984 19.84 0.24960741310013645
1985 19.85 0.23417302947558483
1986 19.86 0.21870719951468232
1987 19.87 0.20321182908710966
1988 19.88 0.18768885097787802
1989 19.89 0.17214022433053344
1990 19.900000000000002 0.15656793519343637
1991 19.91 0.14097399599801008
1992 19.92 0.12536044719706751
1993 19.93 0.10972935537444073
1994 19.94 0.09408281626752313
1995 19.95 0.07842295161501056
1996 19.96 0.06275191190946572
1997 19.97 0.047071876006000934
1998 19.98 0.0313850502893942
1999 19.990000000000002 0.0156936701344339
2000 20.0 -2.188385586787972e-10