n w det
662 0.06620000000000001 1.097985110779246e-28
663 0.0663 1.0944401704740773e-28
664 0.0664 1.090894170011548e-28
665 0.0665 1.0873471257987234e-28
666 0.0666 1.083799058394664e-28
667 0.06670000000000001 1.080249983754663e-28
668 0.0668 1.076699922963886e-28
669 0.0669 1.0731488918458649e-28
670 0.067 1.0695969084137967e-28
671 0.0671 1.06604399207389e-28
672 0.06720000000000001 1.0624901615904584e-28
673 0.0673 1.0589354349522412e-28
674 0.0674 1.055379830056199e-28
675 0.0675 1.0518233633177166e-28
676 0.06760000000000001 1.0482660594519966e-28
677 0.06770000000000001 1.0447079291525218e-28
678 0.0678 1.0411489955049312e-28
679 0.0679 1.0375892770497855e-28
680 0.068 1.034028788082221e-28
681 0.06810000000000001 1.030467552575386e-28
682 0.0682 1.026905584739314e-28
683 0.0683 1.0233429060241431e-28
684 0.0684 1.019779531948795e-28
685 0.0685 1.0162154841218897e-28
686 0.06860000000000001 1.012650778872698e-28
687 0.0687 1.0090854356498091e-28
688 0.0688 1.0055194729206339e-28
689 0.0689 1.0019529100907085e-28
690 0.069 9.983857652974743e-29
691 0.06910000000000001 9.948180559145222e-29
692 0.0692 9.912498015291895e-29
693 0.0693 9.876810211285371e-29
694 0.0694 9.841117342055157e-29
695 0.0695 9.805419577827789e-29
696 0.06960000000000001 9.769717112971274e-29
697 0.0697 9.73401012950873e-29
698 0.0698 9.698298828175465e-29
699 0.0699 9.662583393007038e-29
700 0.07 9.626863999830586e-29
701 0.07010000000000001 9.59114084497389e-29
702 0.0702 9.555414126331307e-29
703 0.0703 9.519684006456015e-29
704 0.0704 9.483950679916817e-29
705 0.07050000000000001 9.448214370564353e-29
706 0.07060000000000001 9.41247523682684e-29
707 0.0707 9.376733470499614e-29
708 0.0708 9.340989268252258e-29
709 0.0709 9.305242810667244e-29
710 0.07100000000000001 9.269494290442186e-29
711 0.0711 9.233743903644968e-29
712 0.0712 9.197991825450005e-29
713 0.0713 9.162238255905023e-29
714 0.0714 9.126483400262944e-29
715 0.07150000000000001 9.090727416224323e-29
716 0.0716 9.054970519894885e-29
717 0.0717 9.019212889394042e-29
718 0.0718 8.983454723718466e-29
719 0.0719 8.947696216338307e-29
720 0.07200000000000001 8.911937554154769e-29
721 0.0721 8.876178912859637e-29
722 0.0722 8.840420499435729e-29
723 0.0723 8.804662523607596e-29
724 0.0724 8.768905134884601e-29
725 0.07250000000000001 8.733148549002903e-29
726 0.0726 8.697392967608779e-29
727 0.0727 8.661638572141705e-29
728 0.0728 8.625885573889589e-29
729 0.0729 8.590134115573523e-29
730 0.07300000000000001 8.554384431253122e-29
731 0.0731 8.518636705230419e-29
732 0.0732 8.482891138662475e-29
733 0.0733 8.447147902416832e-29
734 0.0734 8.411407210097996e-29
735 0.07350000000000001 8.375669245921093e-29
736 0.0736 8.339934223580482e-29
737 0.0737 8.304202286606963e-29
738 0.0738 8.268473688567277e-29
739 0.07390000000000001 8.232748587042579e-29
740 0.07400000000000001 8.19702718602161e-29
741 0.0741 8.161309686174051e-29
742 0.0742 8.125596282335576e-29
743 0.0743 8.089887158450044e-29
744 0.07440000000000001 8.054182502310398e-29
745 0.0745 8.018482532686836e-29
746 0.0746 7.982787430612352e-29
747 0.0747 7.947097391909112e-29
748 0.0748 7.911412628488294e-29
749 0.07490000000000001 7.875733296355154e-29
750 0.075 7.84005962557502e-29
751 0.0751 7.804391801706173e-29
752 0.0752 7.768730035661201e-29
753 0.0753 7.733074494578542e-29
754 0.07540000000000001 7.697425407411641e-29
755 0.0755 7.661782939798299e-29
756 0.0756 7.626147318797751e-29
757 0.0757 7.590518709782647e-29
758 0.0758 7.554897330480123e-29
759 0.07590000000000001 7.51928337336684e-29
760 0.076 7.483677039268183e-29
761 0.0761 7.448078514407192e-29
762 0.0762 7.412488003183016e-29
763 0.0763 7.376905712026516e-29
764 0.07640000000000001 7.341331819557347e-29
765 0.0765 7.305766539823066e-29
766 0.0766 7.270210064494254e-29
767 0.0767 7.234662589593792e-29
768 0.07680000000000001 7.199124323893786e-29
769 0.07690000000000001 7.16359545267778e-29
770 0.077 7.128076177391863e-29
771 0.0771 7.092566709581868e-29
772 0.0772 7.057067234764491e-29
773 0.07730000000000001 7.021577951358701e-29
774 0.07740000000000001 6.986099063064764e-29
775 0.0775 6.950630771221811e-29
776 0.0776 6.915173283970535e-29
777 0.0777 6.879726783519338e-29
778 0.07780000000000001 6.844291469905648e-29
779 0.0779 6.808867558356832e-29
780 0.078 6.773455232616971e-29
781 0.0781 6.73805469993915e-29
782 0.0782 6.702666166911874e-29
783 0.07830000000000001 6.667289826462602e-29
784 0.0784 6.631925875353365e-29
785 0.0785 6.596574531342939e-29
786 0.0786 6.561235971825e-29
787 0.0787 6.525910415287613e-29
788 0.07880000000000001 6.490598052434479e-29
789 0.0789 6.455299104344828e-29
790 0.079 6.420013738561485e-29
791 0.0791 6.384742169724052e-29
792 0.0792 6.34948462232389e-29
793 0.07930000000000001 6.314241282389702e-29
794 0.0794 6.279012331745872e-29
795 0.0795 6.243798003463159e-29
796 0.0796 6.208598481305139e-29
797 0.07970000000000001 6.173413978730668e-29
798 0.07980000000000001 6.138244675808713e-29
799 0.0799 6.103090812160708e-29
800 0.08 6.067952559366059e-29
801 0.0801 6.032830120373938e-29
802 0.08020000000000001 5.997723735286305e-29
803 0.08030000000000001 5.962633561578629e-29
804 0.0804 5.927559810934641e-29
805 0.0805 5.892502713026581e-29
806 0.0806 5.857462447168077e-29
807 0.08070000000000001 5.822439211576316e-29
808 0.08080000000000001 5.787433245256943e-29
809 0.0809 5.752444719717496e-29
810 0.081 5.717473844111323e-29
811 0.0811 5.682520836708767e-29
812 0.08120000000000001 5.647585876357189e-29
813 0.0813 5.612669178174809e-29
814 0.0814 5.577770956738488e-29
815 0.0815 5.542891422144091e-29
816 0.0816 5.50803075489369e-29
817 0.08170000000000001 5.473189170699479e-29
818 0.0818 5.438366868602307e-29
819 0.0819 5.403564076914797e-29
820 0.082 5.368780971704613e-29
821 0.0821 5.334017769299887e-29
822 0.08220000000000001 5.299274678273879e-29
823 0.0823 5.264551909622275e-29
824 0.0824 5.229849645052727e-29
825 0.0825 5.19516811051029e-29
826 0.0826 5.160507499803147e-29
827 0.08270000000000001 5.12586803376174e-29
828 0.0828 5.091249907205534e-29
829 0.0829 5.056653323943573e-29
830 0.083 5.022078494894338e-29
831 0.08310000000000001 4.987525635581407e-29
832 0.08320000000000001 4.952994936947375e-29
833 0.0833 4.9184866107673096e-29
834 0.0834 4.8840008652597616e-29
835 0.0835 4.849537903861463e-29
836 0.08360000000000001 4.815097935657581e-29
837 0.08370000000000001 4.7806811672689713e-29
838 0.0838 4.7462878068971e-29
839 0.0839 4.7119180549252597e-29
840 0.084 4.677572128126403e-29
841 0.08410000000000001 4.64325023045669e-29
842 0.08420000000000001 4.6089525601413345e-29
843 0.0843 4.574679340977138e-29
844 0.0844 4.5404307770463946e-29
845 0.0845 4.5062070553226845e-29
846 0.08460000000000001 4.472008405317414e-29
847 0.0847 4.437835039863768e-29
848 0.0848 4.4036871434332e-29
849 0.0849 4.369564935006917e-29
850 0.085 4.335468639847794e-29
851 0.08510000000000001 4.301398436169622e-29
852 0.0852 4.267354562873127e-29
853 0.0853 4.233337192660439e-29
854 0.0854 4.1993465711751685e-29
855 0.0855 4.165382883576896e-29
856 0.08560000000000001 4.131446339863435e-29
857 0.0857 4.097537161807746e-29
858 0.0858 4.063655548559315e-29
859 0.0859 4.029801714678922e-29
860 0.08600000000000001 3.995975862207677e-29
861 0.08610000000000001 3.9621781992976986e-29
862 0.0862 3.928408949675934e-29
863 0.0863 3.894668304786033e-29
864 0.0864 3.860956489524443e-29
865 0.08650000000000001 3.8272737046439745e-29
866 0.08660000000000001 3.793620165637478e-29
867 0.0867 3.759996068927108e-29
868 0.0868 3.7264016398100533e-29
869 0.0869 3.6928370834812196e-29
870 0.08700000000000001 3.6593026088013135e-29
871 0.08710000000000001 3.6257984324932997e-29
872 0.0872 3.5923247415370806e-29
873 0.0873 3.5588817785663745e-29
874 0.0874 3.5254697338766686e-29
875 0.08750000000000001 3.492088825019758e-29
876 0.0876 3.4587392505047983e-29
877 0.0877 3.425421245454641e-29
878 0.0878 3.39213499365785e-29
879 0.0879 3.35888072118719e-29
880 0.08800000000000001 3.3256586452279976e-29
881 0.0881 3.2924689578013817e-29
882 0.0882 3.2593118859154237e-29
883 0.0883 3.2261876390485523e-29
884 0.0884 3.193096413526006e-29
885 0.08850000000000001 3.1600384399851103e-29
886 0.0886 3.127013915060937e-29
887 0.0887 3.094023068290837e-29
888 0.0888 3.061066091725841e-29
889 0.0889 3.028143203926606e-29
890 0.08900000000000001 2.9952546205517353e-29
891 0.0891 2.96240055117412e-29
892 0.0892 2.92958120088765e-29
893 0.0893 2.896796801550224e-29
894 0.08940000000000001 2.8640475490702314e-29
895 0.08950000000000001 2.831333646882868e-29
896 0.0896 2.798655330433751e-29
897 0.0897 2.7660127924109377e-29
898 0.0898 2.73340625996996e-29
899 0.08990000000000001 2.7008359360034355e-29
900 0.09000000000000001 2.668302037156131e-29
901 0.0901 2.635804773311267e-29
902 0.0902 2.603344356547698e-29
903 0.0903 2.570921005758369e-29
904 0.09040000000000001 2.5385349300321773e-29
905 0.09050000000000001 2.5061863410669725e-29
906 0.0906 2.473875454256816e-29
907 0.0907 2.4416024754964134e-29
908 0.0908 2.4093676399177865e-29
909 0.09090000000000001 2.3771711321587612e-29
910 0.091 2.3450131752987893e-29
911 0.0911 2.312893992748498e-29
912 0.0912 2.2808137869201267e-29
913 0.0913 2.2487727711430278e-29
914 0.09140000000000001 2.216771166690242e-29
915 0.0915 2.1848091894797464e-29
916 0.0916 2.1528870452446972e-29
917 0.0917 2.121004943885447e-29
918 0.0918 2.0891631012669892e-29
919 0.09190000000000001 2.057361740368907e-29
920 0.092 2.0256010702563253e-29
921 0.0921 1.993881307994285e-29
922 0.0922 1.9622026599403272e-29
923 0.09230000000000001 1.930565341881589e-29
924 0.09240000000000001 1.8989695756340631e-29
925 0.0925 1.8674155660831675e-29
926 0.0926 1.8359035284425037e-29
927 0.0927 1.8044336889363502e-29
928 0.09280000000000001 1.7730062540376614e-29
929 0.09290000000000001 1.7416214295814952e-29
930 0.093 1.71027944680114e-29
931 0.0931 1.6789805043513517e-29
932 0.0932 1.6477248255066914e-29
933 0.09330000000000001 1.6165126315508087e-29
934 0.09340000000000001 1.5853441227854512e-29
935 0.0935 1.554219522110488e-29
936 0.0936 1.5231390448677174e-29
937 0.0937 1.4921029023530932e-29
938 0.09380000000000001 1.4611113123197302e-29
939 0.09390000000000001 1.4301644903243494e-29
940 0.094 1.39926265066755e-29
941 0.0941 1.368406006817315e-29
942 0.0942 1.3375947785785343e-29
943 0.09430000000000001 1.3068291742528247e-29
944 0.0944 1.2761094156665137e-29
945 0.0945 1.245435715678924e-29
946 0.0946 1.2148082892063481e-29
947 0.0947 1.1842273543385955e-29
948 0.09480000000000001 1.1536931219668332e-29
949 0.0949 1.1232058113975235e-29
950 0.095 1.09276563686808e-29
951 0.0951 1.0623728157256379e-29
952 0.0952 1.0320275637284197e-29
953 0.09530000000000001 1.001730091882092e-29
954 0.0954 9.714806228056008e-30
955 0.0955 9.41279366885698e-30
956 0.0956 9.111265419856487e-30
957 0.09570000000000001 8.810223681256745e-30
958 0.09580000000000001 8.50967052538859e-30
959 0.0959 8.209608209617107e-30
960 0.096 7.910038831753615e-30
961 0.0961 7.610964584977421e-30
962 0.09620000000000001 7.312387578459858e-30
963 0.09630000000000001 7.014310067592817e-30
964 0.0964 6.716734127957639e-30
965 0.0965 6.419661995440862e-30
966 0.0966 6.123095768002251e-30
967 0.09670000000000001 5.827037632869818e-30
968 0.09680000000000001 5.531489774748064e-30
969 0.0969 5.2364543398283234e-30
970 0.097 4.941933498330488e-30
971 0.0971 4.647929398528605e-30
972 0.09720000000000001 4.354444244467174e-30
973 0.09730000000000001 4.061480174976097e-30
974 0.0974 3.769039353143358e-30
975 0.0975 3.477123970619632e-30
976 0.0976 3.185736167526731e-30
977 0.09770000000000001 2.8948781272243604e-30
978 0.0978 2.604552009228177e-30
979 0.0979 2.3147600018831544e-30
980 0.098 2.0255042554575956e-30
981 0.0981 1.7367869435208875e-30
982 0.09820000000000001 1.4486102286151145e-30
983 0.0983 1.1609762929049072e-30
984 0.0984 8.738873024877606e-31
985 0.0985 5.87345424850523e-31
986 0.09860000000000001 3.013528338065414e-31
987 0.09870000000000001 1.5911698675322045e-32
988 0.0988 -2.6897580814010304e-31
989 0.0989 -5.533075151120049e-31
990 0.099 -8.370812524772147e-31
991 0.09910000000000001 -1.120294843527437e-30
992 0.09920000000000001 -1.4029461221903001e-30
993 0.0993 -1.685032906483399e-30
994 0.0994 -1.9665530376666014e-30
995 0.0995 -2.2475043302934047e-30
996 0.09960000000000001 -2.527884609440119e-30
997 0.09970000000000001 -2.8076917090161007e-30
998 0.0998 -3.086923459556508e-30
999 0.0999 -3.365577677602456e-30
1000 0.1 -3.643652183503304e-30
1001 0.10010000000000001 -3.921144805632217e-30
1002 0.10020000000000001 -4.198053382836526e-30
1003 0.1003 -4.4743757253480234e-30
1004 0.1004 -4.7501096837479294e-30
1005 0.1005 -5.0252530386693874e-30
1006 0.10060000000000001 -5.299803654733453e-30
1007 0.10070000000000001 -5.57375932289254e-30
1008 0.1008 -5.847117902712452e-30
1009 0.1009 -6.119877185405923e-30
1010 0.101 -6.39203500348474e-30
1011 0.10110000000000001 -6.663589203388339e-30
1012 0.1012 -6.934537601048961e-30
1013 0.1013 -7.204877991558007e-30
1014 0.1014 -7.474608212296477e-30
1015 0.1015 -7.743726103534138e-30
1016 0.10160000000000001 -8.012229460892072e-30
1017 0.1017 -8.280116137846543e-30
1018 0.1018 -8.547383893182514e-30
1019 0.1019 -8.814030649791493e-30
1020 0.10200000000000001 -9.0800541533554e-30
1021 0.10210000000000001 -9.345452233700774e-30
1022 0.1022 -9.61022274704995e-30
1023 0.1023 -9.874363510342729e-30
1024 0.1024 -1.0137872278860001e-29
1025 0.10250000000000001 -1.0400746986239919e-29
1026 0.10260000000000001 -1.0662985361260169e-29
1027 0.1027 -1.0924585277590016e-29
1028 0.1028 -1.1185544539139826e-29
1029 0.1029 -1.144586098706374e-29
1030 0.10300000000000001 -1.1705532341865398e-29
1031 0.10310000000000001 -1.1964556566087882e-29
1032 0.1032 -1.2222931444396255e-29
1033 0.1033 -1.2480654715944434e-29
1034 0.1034 -1.2737724276550614e-29
1035 0.10350000000000001 -1.299413796769748e-29
1036 0.10360000000000001 -1.3249893527423723e-29
1037 0.1037 -1.3504988862021427e-29
1038 0.1038 -1.375942174297654e-29
1039 0.1039 -1.4013190008241635e-29
1040 0.10400000000000001 -1.426629143209419e-29
1041 0.1041 -1.451872388283599e-29
1042 0.1042 -1.477048522048486e-29
1043 0.1043 -1.502157321895504e-29
1044 0.1044 -1.5271985664429722e-29
1045 0.10450000000000001 -1.5521720449721735e-29
1046 0.1046 -1.5770775368358238e-29
1047 0.1047 -1.601914828287368e-29
1048 0.1048 -1.6266836808823705e-29
1049 0.10490000000000001 -1.6513839098925615e-29
1050 0.10500000000000001 -1.6760152707889106e-29
1051 0.1051 -1.700577559242023e-29
1052 0.1052 -1.7250705537716654e-29
1053 0.1053 -1.7494940269706328e-29
1054 0.10540000000000001 -1.773847775999704e-29
1055 0.10550000000000001 -1.798131581183792e-29
1056 0.1056 -1.822345218016741e-29
1057 0.1057 -1.8464884746759486e-29
1058 0.1058 -1.870561130238236e-29
1059 0.10590000000000001 -1.894562959079226e-29
1060 0.10600000000000001 -1.9184937573333972e-29
1061 0.1061 -1.9423533039226787e-29
1062 0.1062 -1.9661413745044245e-29
1063 0.1063 -1.9898577525719682e-29
1064 0.10640000000000001 -2.0135022290358763e-29
1065 0.10650000000000001 -2.0370745774597713e-29
1066 0.1066 -2.0605745778437033e-29
1067 0.1067 -2.08400202312607e-29
1068 0.1068 -2.1073566917374176e-29
1069 0.10690000000000001 -2.1306383563549697e-29
1070 0.10700000000000001 -2.153846817083026e-29
1071 0.1071 -2.1769818451281395e-29
1072 0.1072 -2.2000432265388686e-29
1073 0.1073 -2.2230307295377786e-29
1074 0.10740000000000001 -2.2459441632403337e-29
1075 0.1075 -2.2687832860876264e-29
1076 0.1076 -2.2915478911554208e-29
1077 0.1077 -2.3142377622957077e-29
1078 0.1078 -2.336852674791087e-29
1079 0.10790000000000001 -2.3593924233697098e-29
1080 0.108 -2.3818567812110022e-29
1081 0.1081 -2.4042455242308814e-29
1082 0.1082 -2.4265584588486478e-29
1083 0.10830000000000001 -2.448795340513194e-29
1084 0.10840000000000001 -2.4709559709117227e-29
1085 0.1085 -2.4930401261731717e-29
1086 0.1086 -2.515047584209327e-29
1087 0.1087 -2.5369781359947616e-29
1088 0.10880000000000001 -2.558831555442127e-29
1089 0.10890000000000001 -2.58060763332279e-29
1090 0.109 -2.602306156092244e-29
1091 0.1091 -2.6239268923413885e-29
1092 0.1092 -2.645469629447431e-29
1093 0.10930000000000001 -2.6669341609068744e-29
1094 0.10940000000000001 -2.688320268896612e-29
1095 0.1095 -2.7096277172192984e-29
1096 0.1096 -2.730856306354137e-29
1097 0.1097 -2.752005812674724e-29
1098 0.10980000000000001 -2.7730760269651474e-29
1099 0.10990000000000001 -2.794066724582047e-29
1100 0.11 -2.8149776932250996e-29
1101 0.1101 -2.83580870242586e-29
1102 0.1102 -2.856559551000526e-29
1103 0.11030000000000001 -2.87723002143373e-29
1104 0.11040000000000001 -2.8978198905391484e-29
1105 0.1105 -2.918328958069076e-29
1106 0.1106 -2.9387569652350257e-29
1107 0.1107 -2.9591037528208755e-29
1108 0.11080000000000001 -2.9793690613929693e-29
1109 0.1109 -2.99955269165004e-29
1110 0.111 -3.0196544183470463e-29
1111 0.1111 -3.039674048674856e-29
1112 0.11120000000000001 -3.0596113174579054e-29
1113 0.11130000000000001 -3.079466060219904e-29
1114 0.1114 -3.0992380489489657e-29
1115 0.1115 -3.118927041055156e-29
1116 0.1116 -3.138532829758379e-29
1117 0.11170000000000001 -3.1580552254791803e-29
1118 0.11180000000000001 -3.177493968205313e-29
1119 0.1119 -3.196848901918562e-29
1120 0.112 -3.2161197475355747e-29
1121 0.1121 -3.235306317285008e-29
1122 0.11220000000000001 -3.254408413150634e-29
1123 0.11230000000000001 -3.2734257991497324e-29
1124 0.1124 -3.292358248696419e-29
1125 0.1125 -3.3112055630894364e-29
1126 0.1126 -3.3299675183388e-29
1127 0.11270000000000001 -3.3486439034183186e-29
1128 0.11280000000000001 -3.367234497594868e-29
1129 0.1129 -3.3857391051994353e-29
1130 0.113 -3.404157478129195e-29
1131 0.1131 -3.422489422293663e-29
1132 0.11320000000000001 -3.440734718962565e-29
1133 0.11330000000000001 -3.4588931539949354e-29
1134 0.1134 -3.476964498788275e-29
1135 0.1135 -3.494948559041461e-29
1136 0.1136 -3.512845102454486e-29
1137 0.11370000000000001 -3.530653926453576e-29
1138 0.11380000000000001 -3.548374804251983e-29
1139 0.1139 -3.5660075273563486e-29
1140 0.114 -3.5835518776570323e-29
1141 0.11410000000000001 -3.601007636185961e-29
1142 0.11420000000000001 -3.618374611209698e-29
1143 0.1143 -3.6356525645627677e-29
1144 0.1144 -3.6528412779581577e-29
1145 0.1145 -3.6699405623454906e-29
1146 0.11460000000000001 -3.686950180244223e-29
1147 0.11470000000000001 -3.703869913330686e-29
1148 0.1148 -3.720699571911672e-29
1149 0.1149 -3.7374389144395977e-29
1150 0.115 -3.7540877428063853e-29
1151 0.11510000000000001 -3.770645846177994e-29
1152 0.11520000000000001 -3.7871129941236284e-29
1153 0.1153 -3.803488993162018e-29
1154 0.1154 -3.81977362097556e-29
1155 0.1155 -3.8359666402956304e-29
1156 0.11560000000000001 -3.852067846230041e-29
1157 0.11570000000000001 -3.8680770790473165e-29
1158 0.1158 -3.8839940520424426e-29
1159 0.1159 -3.89981858603643e-29
1160 0.116 -3.9155504711301837e-29
1161 0.11610000000000001 -3.93118947469189e-29
1162 0.11620000000000001 -3.946735397321033e-29
1163 0.1163 -3.9621880110300876e-29
1164 0.1164 -3.9775471148704143e-29
1165 0.1165 -3.9928125022925875e-29
1166 0.11660000000000001 -4.007983959245357e-29
1167 0.11670000000000001 -4.023061247569127e-29
1168 0.1168 -4.038044167437239e-29
1169 0.1169 -4.0529325157800533e-29
1170 0.117 -4.067726075267158e-29
1171 0.11710000000000001 -4.082424614875548e-29
1172 0.11720000000000001 -4.09702796744338e-29
1173 0.1173 -4.1115358624364494e-29
1174 0.1174 -4.1259481279154624e-29
1175 0.11750000000000001 -4.140264530660993e-29
1176 0.11760000000000001 -4.1544848593093037e-29
1177 0.1177 -4.168608927157154e-29
1178 0.1178 -4.182636495505275e-29
1179 0.1179 -4.1965673275215704e-29
1180 0.11800000000000001 -4.2104012920508506e-29
1181 0.11810000000000001 -4.22413810114361e-29
1182 0.1182 -4.2377775732408823e-29
1183 0.1183 -4.2513194966254e-29
1184 0.1184 -4.2647636286289833e-29
1185 0.11850000000000001 -4.2781098160992824e-29
1186 0.11860000000000001 -4.2913578046858815e-29
1187 0.1187 -4.304507387412326e-29
1188 0.1188 -4.317558363973838e-29
1189 0.1189 -4.3305105117001164e-29
1190 0.11900000000000001 -4.343363628793763e-29
1191 0.11910000000000001 -4.356117511367856e-29
1192 0.1192 -4.368771910664813e-29
1193 0.1193 -4.3813266354302583e-29
1194 0.1194 -4.3937815110537e-29
1195 0.11950000000000001 -4.4061362706324854e-29
1196 0.11960000000000001 -4.418390725747259e-29
1197 0.1197 -4.430544687907246e-29
1198 0.1198 -4.442597915434297e-29
1199 0.1199 -4.454550246494513e-29
1200 0.12000000000000001 -4.466401377249071e-29
1201 0.12010000000000001 -4.4781511799211503e-29
1202 0.1202 -4.489799416667358e-29
1203 0.1203 -4.501345883043215e-29
1204 0.12040000000000001 -4.51279036041143e-29
1205 0.12050000000000001 -4.5241326423819435e-29
1206 0.1206 -4.5353725150084624e-29
1207 0.1207 -4.546509805295607e-29
1208 0.1208 -4.5575442367457e-29
1209 0.12090000000000001 -4.5684756284403307e-29
1210 0.12100000000000001 -4.579303784203661e-29
1211 0.1211 -4.59002848204959e-29
1212 0.1212 -4.600649549491376e-29
1213 0.1213 -4.611166721042641e-29
1214 0.12140000000000001 -4.621579823363312e-29
1215 0.12150000000000001 -4.631888617824831e-29
1216 0.1216 -4.642092901767496e-29
1217 0.1217 -4.652192512664219e-29
1218 0.1218 -4.662187157507764e-29
1219 0.12190000000000001 -4.6720767303000733e-29
1220 0.12200000000000001 -4.6818609704654205e-29
1221 0.1221 -4.6915396448128027e-29
1222 0.1222 -4.701112574466581e-29
1223 0.1223 -4.7105795475538483e-29
1224 0.12240000000000001 -4.719940367364973e-29
1225 0.12250000000000001 -4.729194791026693e-29
1226 0.1226 -4.738342646265636e-29
1227 0.1227 -4.747383705512476e-29
1228 0.1228 -4.756317755176452e-29
1229 0.12290000000000001 -4.765144629339154e-29
1230 0.12300000000000001 -4.7738640595052135e-29
1231 0.1231 -4.782475896653706e-29
1232 0.1232 -4.790979927795694e-29
1233 0.1233 -4.7993758901711076e-29
1234 0.12340000000000001 -4.807663604825529e-29
1235 0.12350000000000001 -4.8158428867986114e-29
1236 0.1236 -4.823913506438337e-29
1237 0.1237 -4.831875252143514e-29
1238 0.12380000000000001 -4.839727954254747e-29
1239 0.12390000000000001 -4.8474714069682215e-29
1240 0.124 -4.855105329730287e-29
1241 0.1241 -4.8626295998060604e-29
1242 0.1242 -4.870043958788775e-29
1243 0.12430000000000001 -4.877348240273655e-29
1244 0.12440000000000001 -4.8845421756908025e-29
1245 0.1245 -4.891625648686551e-29
1246 0.1246 -4.898598384836933e-29
1247 0.1247 -4.905460216248691e-29
1248 0.12480000000000001 -4.9122108695708777e-29
1249 0.12490000000000001 -4.918850249341575e-29
1250 0.125 -4.9253781079178034e-29
1251 0.12510000000000002 -4.931794192951091e-29
1252 0.1252 -4.938098310613258e-29
1253 0.1253 -4.944290287931408e-29
1254 0.1254 -4.950369921669547e-29
1255 0.1255 -4.95633698556457e-29
1256 0.12560000000000002 -4.962191348326822e-29
1257 0.1257 -4.967932625304609e-29
1258 0.1258 -4.9735608353091076e-29
1259 0.1259 -4.979075634325939e-29
1260 0.126 -4.984476833528113e-29
1261 0.12610000000000002 -4.9897642741763914e-29
1262 0.1262 -4.994937699251732e-29
1263 0.1263 -4.999996983478887e-29
1264 0.1264 -5.0049418717855607e-29
1265 0.1265 -5.009772105218115e-29
1266 0.12660000000000002 -5.014487559297754e-29
1267 0.1267 -5.019088028033187e-29
1268 0.1268 -5.023573277885343e-29
1269 0.1269 -5.0279431625613465e-29
1270 0.127 -5.032197372280287e-29
1271 0.12710000000000002 -5.0363357935420887e-29
1272 0.1272 -5.040358238637188e-29
1273 0.1273 -5.044264421671426e-29
1274 0.1274 -5.048054213853106e-29
1275 0.1275 -5.051727359468798e-29
1276 0.12760000000000002 -5.055283691528457e-29
1277 0.1277 -5.058723017827168e-29
1278 0.1278 -5.062045115214268e-29
1279 0.1279 -5.065249765163477e-29
1280 0.128 -5.068336808477975e-29
1281 0.12810000000000002 -5.071305987555533e-29
1282 0.1282 -5.074157172663936e-29
1283 0.1283 -5.07689013449954e-29
1284 0.12840000000000001 -5.079504665570021e-29
1285 0.1285 -5.082000524692011e-29
1286 0.12860000000000002 -5.084377600104195e-29
1287 0.1287 -5.086635625005108e-29
1288 0.1288 -5.088774453095573e-29
1289 0.12890000000000001 -5.090793807430473e-29
1290 0.129 -5.092693562845232e-29
1291 0.1291 -5.094473478942063e-29
1292 0.1292 -5.096133350138436e-29
1293 0.1293 -5.097672973282922e-29
1294 0.12940000000000002 -5.099092253002938e-29
1295 0.1295 -5.100390826254111e-29
1296 0.1296 -5.101568582234389e-29
1297 0.1297 -5.102625370422416e-29
1298 0.1298 -5.103560884790534e-29
1299 0.12990000000000002 -5.104375019403594e-29
1300 0.13 -5.105067493768714e-29
1301 0.1301 -5.105638173497235e-29
1302 0.1302 -5.106086849392777e-29
1303 0.1303 -5.106413340811938e-29
1304 0.13040000000000002 -5.106617372119284e-29
1305 0.1305 -5.106698805088276e-29
1306 0.1306 -5.106657442287358e-29
1307 0.1307 -5.106493079625267e-29
1308 0.1308 -5.106205527606377e-29
1309 0.13090000000000002 -5.105794587112593e-29
1310 0.131 -5.105260037678688e-29
1311 0.1311 -5.104601712815758e-29
1312 0.1312 -5.103819427507584e-29
1313 0.1313 -5.102912945446566e-29
1314 0.13140000000000002 -5.101882066230774e-29
1315 0.1315 -5.100726667407031e-29
1316 0.1316 -5.099446423350135e-29
1317 0.1317 -5.098041308688332e-29
1318 0.1318 -5.096510986434597e-29
1319 0.13190000000000002 -5.094855302309911e-29
1320 0.132 -5.093074121169209e-29
1321 0.1321 -5.091167148747021e-29
1322 0.1322 -5.089134279864201e-29
1323 0.1323 -5.086975250293819e-29
1324 0.13240000000000002 -5.084689924639695e-29
1325 0.1325 -5.082278084951075e-29
1326 0.1326 -5.079739550657822e-29
1327 0.1327 -5.07707402373729e-29
1328 0.1328 -5.074281470063079e-29
1329 0.13290000000000002 -5.07136159279509e-29
1330 0.133 -5.068314266756494e-29
1331 0.1331 -5.065139230018232e-29
1332 0.1332 -5.061836329658806e-29
1333 0.1333 -5.058405380490131e-29
1334 0.13340000000000002 -5.054846169363409e-29
1335 0.1335 -5.051158500224985e-29
1336 0.1336 -5.0473421841727865e-29
1337 0.1337 -5.043397034620985e-29
1338 0.1338 -5.039322880987413e-29
1339 0.13390000000000002 -5.0351194906487615e-29
1340 0.134 -5.030786710177522e-29
1341 0.1341 -5.0263243171574123e-29
1342 0.1342 -5.021732171047879e-29
1343 0.1343 -5.017009966146992e-29
1344 0.13440000000000002 -5.0121576661155834e-29
1345 0.1345 -5.0071749719113563e-29
1346 0.1346 -5.002061714881267e-29
1347 0.13470000000000001 -4.9968177453425904e-29
1348 0.1348 -4.991442839289631e-29
1349 0.13490000000000002 -4.985936831709525e-29
1350 0.135 -4.980299428147081e-29
1351 0.1351 -4.9745306568364046e-29
1352 0.13520000000000001 -4.968630054515754e-29
1353 0.1353 -4.9625976127546004e-29
1354 0.13540000000000002 -4.9564331860393215e-29
1355 0.1355 -4.95013642173119e-29
1356 0.1356 -4.94370717851757e-29
1357 0.13570000000000002 -4.93714536893822e-29
1358 0.1358 -4.930450739660833e-29
1359 0.1359 -4.923623100464823e-29
1360 0.136 -4.916662260002442e-29
1361 0.1361 -4.9095680168064695e-29
1362 0.13620000000000002 -4.9023401958292406e-29
1363 0.1363 -4.8949786291398586e-29
1364 0.1364 -4.887483124865749e-29
1365 0.1365 -4.8798534725134636e-29
1366 0.1366 -4.872089501413335e-29
1367 0.13670000000000002 -4.864191060290139e-29
1368 0.1368 -4.8561579179796944e-29
1369 0.1369 -4.8479898148155644e-29
1370 0.137 -4.839686715017086e-29
1371 0.1371 -4.8312484240982023e-29
1372 0.13720000000000002 -4.822674599687072e-29
1373 0.1373 -4.813965226452186e-29
1374 0.1374 -4.805119984051337e-29
1375 0.1375 -4.796138790972924e-29
1376 0.1376 -4.787021442659543e-29
1377 0.13770000000000002 -4.77776771609917e-29
1378 0.1378 -4.768377422135977e-29
1379 0.1379 -4.7588504410124104e-29
1380 0.138 -4.7491865406350466e-29
1381 0.1381 -4.739385519241163e-29
1382 0.13820000000000002 -4.729447253081311e-29
1383 0.1383 -4.719371523857502e-29
1384 0.1384 -4.7091581384038695e-29
1385 0.1385 -4.6988069394018924e-29
1386 0.1386 -4.688317759297277e-29
1387 0.13870000000000002 -4.6776903307409533e-29
1388 0.1388 -4.666924571772449e-29
1389 0.1389 -4.656020212270911e-29
1390 0.139 -4.644977186955439e-29
1391 0.1391 -4.633795263683133e-29
1392 0.13920000000000002 -4.622474118562076e-29
1393 0.1393 -4.6110137846386756e-29
1394 0.1394 -4.599413919108777e-29
1395 0.1395 -4.587674522110717e-29
1396 0.1396 -4.575795212200144e-29
1397 0.13970000000000002 -4.5637759389957625e-29
1398 0.1398 -4.5516164921505993e-29
1399 0.1399 -4.5393166709839484e-29
1400 0.14 -4.526876344105326e-29
1401 0.1401 -4.5142952377373347e-29
1402 0.14020000000000002 -4.501573234968523e-29
1403 0.1403 -4.4887102014881517e-29
1404 0.1404 -4.4757059035969075e-29
1405 0.1405 -4.462560130995658e-29
1406 0.1406 -4.4492727536681155e-29
1407 0.14070000000000002 -4.435843623140361e-29
1408 0.1408 -4.422272472655794e-29
1409 0.1409 -4.4085592104335233e-29
1410 0.14100000000000001 -4.394703665503757e-29
1411 0.1411 -4.3807055745102615e-29
1412 0.14120000000000002 -4.3665648029477196e-29
1413 0.1413 -4.3522811844536816e-29
1414 0.1414 -4.337854552194725e-29
1415 0.14150000000000001 -4.3232846485869667e-29
1416 0.1416 -4.30857143468865e-29
1417 0.14170000000000002 -4.293714640236338e-29
1418 0.1418 -4.2787141310281396e-29
1419 0.1419 -4.263569622975328e-29
1420 0.14200000000000002 -4.248281145503568e-29
1421 0.1421 -4.232848369741908e-29
1422 0.1422 -4.217271150713332e-29
1423 0.1423 -4.20154935067941e-29
1424 0.1424 -4.185682716392144e-29
1425 0.14250000000000002 -4.1696711347863845e-29
1426 0.1426 -4.1535144415181545e-29
1427 0.1427 -4.137212458103879e-29
1428 0.1428 -4.1207649654321375e-29
1429 0.1429 -4.104171896311744e-29
1430 0.14300000000000002 -4.0874329378307206e-29
1431 0.1431 -4.0705480082270987e-29
1432 0.1432 -4.053516941720712e-29
1433 0.1433 -4.036339467603534e-29
1434 0.1434 -4.019015503132673e-29
1435 0.14350000000000002 -4.0015449078715754e-29
1436 0.1436 -3.9839274327697053e-29
1437 0.1437 -3.966162896831664e-29
1438 0.1438 -3.9482512248001955e-29
1439 0.1439 -3.9301921306756683e-29
1440 0.14400000000000002 -3.9119855115725373e-29
1441 0.1441 -3.8936312212192005e-29
1442 0.1442 -3.875128956084268e-29
1443 0.1443 -3.856478812291053e-29
1444 0.1444 -3.837680352128452e-29
1445 0.14450000000000002 -3.818733550899662e-29
1446 0.1446 -3.7996381425169e-29
1447 0.1447 -3.780394051889796e-29
1448 0.1448 -3.7610010727538615e-29
1449 0.1449 -3.7414590084428664e-29
1450 0.14500000000000002 -3.72176773847533e-29
1451 0.1451 -3.7019270534533915e-29
1452 0.1452 -3.681936828071834e-29
1453 0.1453 -3.661796881410338e-29
1454 0.1454 -3.6415070501730435e-29
1455 0.14550000000000002 -3.621067129023086e-29
1456 0.1456 -3.600476981905995e-29
1457 0.1457 -3.579736463440297e-29
1458 0.1458 -3.558845329720196e-29
1459 0.1459 -3.5378035425135935e-29
1460 0.14600000000000002 -3.51661084824026e-29
1461 0.1461 -3.495267051148842e-29
1462 0.1462 -3.4737720966211924e-29
1463 0.1463 -3.452125713639065e-29
1464 0.1464 -3.43032781708204e-29
1465 0.14650000000000002 -3.4083781511142475e-29
1466 0.1466 -3.386276669858548e-29
1467 0.1467 -3.3640231386266985e-29
1468 0.1468 -3.341617389180509e-29
1469 0.1469 -3.3190592283753336e-29
1470 0.14700000000000002 -3.296348647402862e-29
1471 0.1471 -3.273485300825185e-29
1472 0.1472 -3.250469123859987e-29
1473 0.14730000000000001 -3.2272998946417537e-29
1474 0.1474 -3.203977506031504e-29
1475 0.14750000000000002 -3.1805017564492937e-29
1476 0.1476 -3.1568725543720013e-29
1477 0.1477 -3.1330896435392326e-29
1478 0.14780000000000001 -3.109152934249562e-29
1479 0.1479 -3.0850622434279396e-29
1480 0.14800000000000002 -3.060817423879701e-29
1481 0.1481 -3.0364182920237075e-29
1482 0.1482 -3.0118646309773155e-29
1483 0.14830000000000002 -2.987156418883006e-29
1484 0.1484 -2.962293413438495e-29
1485 0.14850000000000002 -2.937275502378195e-29
1486 0.1486 -2.91210245311515e-29
1487 0.1487 -2.886774193627371e-29
1488 0.14880000000000002 -2.8612904859432764e-29
1489 0.1489 -2.835651162577037e-29
1490 0.149 -2.8098561338220185e-29
1491 0.1491 -2.7839052401812723e-29
1492 0.1492 -2.7577983012438115e-29
1493 0.14930000000000002 -2.7315351735333885e-29
1494 0.1494 -2.705115670649722e-29
1495 0.1495 -2.6785396645615943e-29
1496 0.1496 -2.6518070104486017e-29
1497 0.1497 -2.6249174362925815e-29
1498 0.14980000000000002 -2.597870979424695e-29
1499 0.1499 -2.5706673841280315e-29
1500 0.15 -2.5433065189225465e-29
1501 0.1501 -2.515788153094283e-29
1502 0.1502 -2.4881122205041703e-29
1503 0.15030000000000002 -2.460278545132216e-29
1504 0.1504 -2.4322869496536397e-29
1505 0.1505 -2.4041372671836493e-29
1506 0.1506 -2.3758293796203103e-29
1507 0.1507 -2.347363147889211e-29
1508 0.15080000000000002 -2.3187384750041593e-29
1509 0.1509 -2.2899549956241258e-29
1510 0.151 -2.261012757657963e-29
1511 0.1511 -2.2319116017533273e-29
1512 0.1512 -2.2026512943711778e-29
1513 0.15130000000000002 -2.1732316786782013e-29
1514 0.1514 -2.1436526467595706e-29
1515 0.1515 -2.1139140550006345e-29
1516 0.1516 -2.0840157842153238e-29
1517 0.1517 -2.0539575890925127e-29
1518 0.15180000000000002 -2.0237393646510338e-29
1519 0.1519 -1.9933609608896707e-29
1520 0.152 -1.9628222793656947e-29
1521 0.1521 -1.9321231243410233e-29
1522 0.1522 -1.901263300648205e-29
1523 0.15230000000000002 -1.8702427286056776e-29
1524 0.1524 -1.839061271076652e-29
1525 0.1525 -1.8077187497241222e-29
1526 0.1526 -1.77621500340755e-29
1527 0.1527 -1.744549912733119e-29
1528 0.15280000000000002 -1.7127233173452217e-29
1529 0.1529 -1.6807350537325103e-29
1530 0.153 -1.6485850406994275e-29
1531 0.1531 -1.6162730465960304e-29
1532 0.1532 -1.5837989695767528e-29
1533 0.15330000000000002 -1.551162645816342e-29
1534 0.1534 -1.5183639954664412e-29
1535 0.1535 -1.485402778783548e-29
1536 0.15360000000000001 -1.4522789191408173e-29
1537 0.1537 -1.418992217565163e-29
1538 0.15380000000000002 -1.3855426308402184e-29
1539 0.1539 -1.3519299253037397e-29
1540 0.154 -1.3181539588641615e-29
1541 0.15410000000000001 -1.2842146535811358e-29
1542 0.1542 -1.2501117569496822e-29
1543 0.15430000000000002 -1.2158452806017417e-29
1544 0.1544 -1.1814149734812948e-29
1545 0.1545 -1.146820700789425e-29
1546 0.15460000000000002 -1.1120623252951561e-29
1547 0.1547 -1.0771397178409757e-29
1548 0.15480000000000002 -1.0420527559193998e-29
1549 0.1549 -1.0068013042440689e-29
1550 0.155 -9.713851990189598e-30
1551 0.15510000000000002 -9.358042997323395e-30
1552 0.1552 -9.00058429631066e-30
1553 0.1553 -8.641475551188968e-30
1554 0.1554 -8.280714349800162e-30
1555 0.1555 -7.91829978618654e-30
1556 0.15560000000000002 -7.554230208550718e-30
1557 0.1557 -7.188504661505301e-30
1558 0.1558 -6.821121563568725e-30
1559 0.1559 -6.452080078582129e-30
1560 0.156 -6.081377075780027e-30
1561 0.15610000000000002 -5.709012949959559e-30
1562 0.1562 -5.3349859082162054e-30
1563 0.1563 -4.9592945877034916e-30
1564 0.1564 -4.581937423280433e-30
1565 0.1565 -4.202913096209878e-30
1566 0.15660000000000002 -3.822220239307378e-30
1567 0.1567 -3.439857579437994e-30
1568 0.1568 -3.0558238053854092e-30
1569 0.1569 -2.670117487502989e-30
1570 0.157 -2.2827376222175018e-30
1571 0.15710000000000002 -1.8936824851835445e-30
1572 0.1572 -1.5029507316296824e-30
1573 0.1573 -1.1105415380120604e-30
1574 0.1574 -7.164528553372874e-31
1575 0.1575 -3.206839954374469e-31
1576 0.15760000000000002 7.676663481929845e-32
1577 0.1577 4.759004578723889e-31
1578 0.1578 8.767184726969435e-31
1579 0.1579 1.2792226783126754e-30
1580 0.158 1.683413376317855e-30
1581 0.15810000000000002 2.089292203880899e-30
1582 0.1582 2.4968609585565813e-30
1583 0.1583 2.9061203133227688e-30
1584 0.1584 3.317071993381242e-30
1585 0.1585 3.729717146246941e-30
1586 0.15860000000000002 4.14405688013251e-30
1587 0.1587 4.560092709945087e-30
1588 0.1588 4.97782602569093e-30
1589 0.1589 5.3972575148187395e-30
1590 0.159 5.8183887214869625e-30
1591 0.15910000000000002 6.241221368843221e-30
1592 0.1592 6.665756643778068e-30
1593 0.1593 7.091995059124863e-30
1594 0.15940000000000001 7.519938144058877e-30
1595 0.1595 7.949587752412389e-30
1596 0.15960000000000002 8.380944633598219e-30
1597 0.1597 8.814009961394563e-30
1598 0.1598 9.248785267703813e-30
1599 0.15990000000000001 9.685271431043093e-30
1600 0.16 1.0123469803238525e-29
1601 0.16010000000000002 1.0563382351177127e-29
1602 0.1602 1.100500951726559e-29
1603 0.1603 1.1448352372241576e-29
1604 0.16040000000000001 1.189341244157153e-29
1605 0.1605 1.2340191355667183e-29
1606 0.16060000000000002 1.278868979202641e-29
1607 0.1607 1.3238908722304693e-29
1608 0.1608 1.3690850064525734e-29
1609 0.16090000000000002 1.4144514310343562e-29
1610 0.161 1.459990369499073e-29
1611 0.16110000000000002 1.5057018414814645e-29
1612 0.1612 1.5515860055739943e-29
1613 0.1613 1.597642973342964e-29
1614 0.16140000000000002 1.643872863005706e-29
1615 0.1615 1.690275809181846e-29
1616 0.16160000000000002 1.7368518706028158e-29
1617 0.1617 1.783601251116803e-29
1618 0.1618 1.8305240540450515e-29
1619 0.16190000000000002 1.8776203145074035e-29
1620 0.162 1.9248902062138486e-29
1621 0.1621 1.972333863405566e-29
1622 0.1622 2.0199513712332375e-29
1623 0.1623 2.0677428751086654e-29
1624 0.16240000000000002 2.1157084630676752e-29
1625 0.1625 2.163848257598057e-29
1626 0.1626 2.2121623769057292e-29
1627 0.1627 2.2606508930557707e-29
1628 0.1628 2.3093140292951397e-29
1629 0.16290000000000002 2.3581517746820418e-29
1630 0.163 2.4071643054313396e-29
1631 0.1631 2.4563517076407992e-29
1632 0.1632 2.5057141364031686e-29
1633 0.1633 2.555251676214686e-29
1634 0.16340000000000002 2.604964423519361e-29
1635 0.1635 2.654852501459804e-29
1636 0.1636 2.704916044440187e-29
1637 0.1637 2.7551551414604583e-29
1638 0.1638 2.8055698858200634e-29
1639 0.16390000000000002 2.856160396623638e-29
1640 0.164 2.906926813840037e-29
1641 0.1641 2.9578692481501834e-29
1642 0.1642 3.008987744596385e-29
1643 0.1643 3.0602824496975877e-29
1644 0.16440000000000002 3.111753499768222e-29
1645 0.1645 3.163400947943949e-29
1646 0.1646 3.2152249443289647e-29
1647 0.1647 3.267225585296583e-29
1648 0.1648 3.3194029519899795e-29
1649 0.16490000000000002 3.3717571689430134e-29
1650 0.165 3.4242883417663155e-29
1651 0.1651 3.47699660315475e-29
1652 0.1652 3.5298820153865823e-29
1653 0.1653 3.5829447119468107e-29
1654 0.16540000000000002 3.6361847738224315e-29
1655 0.1655 3.689602312935983e-29
1656 0.1656 3.7431974237402874e-29
1657 0.16570000000000001 3.796970212768583e-29
1658 0.1658 3.850920801045498e-29
1659 0.16590000000000002 3.9050492770544715e-29
1660 0.166 3.959355793149266e-29
1661 0.1661 4.0138403428332305e-29
1662 0.16620000000000001 4.0685031178100425e-29
1663 0.1663 4.123344158992264e-29
1664 0.16640000000000002 4.17836362571756e-29
1665 0.1665 4.2335615909573656e-29
1666 0.1666 4.288938115082014e-29
1667 0.16670000000000001 4.3444933518751925e-29
1668 0.1668 4.400227405016572e-29
1669 0.16690000000000002 4.4561403405559526e-29
1670 0.167 4.512232234455271e-29
1671 0.1671 4.5685032525676425e-29
1672 0.16720000000000002 4.624953427859262e-29
1673 0.1673 4.681582888769279e-29
1674 0.16740000000000002 4.738391747642948e-29
1675 0.1675 4.795380061801809e-29
1676 0.1676 4.8525479391548257e-29
1677 0.16770000000000002 4.909895507516302e-29
1678 0.1678 4.967422807442909e-29
1679 0.16790000000000002 5.025129977639812e-29
1680 0.168 5.083017089313369e-29
1681 0.1681 5.141084237515725e-29
1682 0.16820000000000002 5.199331522448757e-29
1683 0.1683 5.257759043064876e-29
1684 0.16840000000000002 5.316366885864554e-29
1685 0.1685 5.375155134410117e-29
1686 0.1686 5.434123884080433e-29
1687 0.16870000000000002 5.493273242428042e-29
1688 0.1688 5.552603284100131e-29
1689 0.1689 5.612114085280624e-29
1690 0.169 5.671805780535275e-29
1691 0.1691 5.731678418905949e-29
1692 0.16920000000000002 5.79173209962986e-29
1693 0.1693 5.851966925851924e-29
1694 0.1694 5.912382969309543e-29
1695 0.1695 5.972980325008995e-29
1696 0.1696 6.033759082878798e-29
1697 0.16970000000000002 6.094719325485116e-29
1698 0.1698 6.155861149410076e-29
1699 0.1699 6.217184630638746e-29
1700 0.17 6.278689861881496e-29
1701 0.1701 6.340376921744967e-29
1702 0.17020000000000002 6.40224589941251e-29
1703 0.1703 6.464296880449441e-29
1704 0.1704 6.526529955475299e-29
1705 0.1705 6.588945193935185e-29
1706 0.1706 6.651542689722207e-29
1707 0.17070000000000002 6.714322529101828e-29
1708 0.1708 6.777284783783351e-29
1709 0.1709 6.840429546948155e-29
1710 0.171 6.903756898419469e-29
1711 0.1711 6.9672669133722e-29
1712 0.17120000000000002 7.03095967975007e-29
1713 0.1713 7.094835274653717e-29
1714 0.1714 7.158893783382179e-29
1715 0.1715 7.223135278984139e-29
1716 0.1716 7.287559845519655e-29
1717 0.17170000000000002 7.352167563195345e-29
1718 0.1718 7.416958508613586e-29
1719 0.1719 7.481932760704427e-29
1720 0.17200000000000001 7.547090395654245e-29
1721 0.1721 7.612431497201813e-29
1722 0.17220000000000002 7.677956134014606e-29
1723 0.1723 7.74366438430196e-29
1724 0.1724 7.809556329824604e-29
1725 0.17250000000000001 7.875632046243324e-29
1726 0.1726 7.941891601736083e-29
1727 0.17270000000000002 8.008335077275387e-29
1728 0.1728 8.07496254758623e-29
1729 0.1729 8.141774086113562e-29
1730 0.17300000000000001 8.208769761343778e-29
1731 0.1731 8.275949655348591e-29
1732 0.17320000000000002 8.343313833365308e-29
1733 0.1733 8.410862373445429e-29
1734 0.1734 8.478595338605855e-29
1735 0.17350000000000002 8.546512818900826e-29
1736 0.1736 8.614614868146076e-29
1737 0.17370000000000002 8.682901561626983e-29
1738 0.1738 8.751372976228858e-29
1739 0.1739 8.820029179381305e-29
1740 0.17400000000000002 8.888870216647345e-29
1741 0.1741 8.957896206808737e-29
1742 0.17420000000000002 9.027107176903421e-29
1743 0.1743 9.096503205609535e-29
1744 0.1744 9.166084378365871e-29
1745 0.17450000000000002 9.235850731115547e-29
1746 0.1746 9.305802338726683e-29
1747 0.17470000000000002 9.375939304871684e-29
1748 0.1748 9.446261652113864e-29
1749 0.1749 9.516769464260128e-29
1750 0.17500000000000002 9.587462801695258e-29
1751 0.1751 9.658341731099539e-29
1752 0.1752 9.729406323601765e-29
1753 0.1753 9.800656617145572e-29
1754 0.1754 9.872092712786191e-29
1755 0.17550000000000002 9.943714645072745e-29
1756 0.1756 1.0015522475068352e-28
1757 0.1757 1.0087516306670698e-28
1758 0.1758 1.0159696156675934e-28
1759 0.1759 1.0232062100858737e-28
1760 0.17600000000000002 1.0304614182330603e-28
1761 0.1761 1.037735249865677e-28
1762 0.1762 1.0450277099869411e-28
1763 0.1763 1.0523388050246452e-28
1764 0.1764 1.0596685347064302e-28
1765 0.17650000000000002 1.0670169142390365e-28
1766 0.1766 1.0743839408568425e-28
1767 0.1767 1.081769626487901e-28
1768 0.1768 1.0891739729820157e-28
1769 0.1769 1.096596991259227e-28
4237 0.4237 1.0548581246984576e-28
4238 0.4238 9.88676249936868e-29
4239 0.4239 9.223960638585563e-29
4240 0.42400000000000004 8.560177258105525e-29
4241 0.42410000000000003 7.895411358440564e-29
4242 0.4242 7.229665097054794e-29
4243 0.4243 6.562937087985847e-29
4244 0.4244 5.895228094405081e-29
4245 0.42450000000000004 5.226537550642275e-29
4246 0.42460000000000003 4.556866002682634e-29
4247 0.4247 3.8862141366358365e-29
4248 0.4248 3.214581696985534e-29
4249 0.4249 2.541967999317256e-29
4250 0.42500000000000004 1.868374355778578e-29
4251 0.42510000000000003 1.1938005123871195e-29
4252 0.4252 5.182462380346484e-30
4253 0.4253 -1.582870080726748e-30
4254 0.4254 -8.358008922330819e-30
4255 0.42550000000000004 -1.5142933344870435e-29
4256 0.42560000000000003 -2.1937664712820973e-29
4257 0.4257 -2.8742179705884536e-29
4258 0.4258 -3.5556487304571043e-29
4259 0.4259 -4.238059207244414e-29
4260 0.42600000000000005 -4.9214470789033245e-29
4261 0.42610000000000003 -5.605813300889301e-29
4262 0.4262 -6.291158993408925e-29
4263 0.4263 -6.977482194320777e-29
4264 0.4264 -7.664783064913142e-29
4265 0.42650000000000005 -8.353061499303836e-29
4266 0.42660000000000003 -9.042318443204954e-29
4267 0.4267 -9.732551734906876e-29
4268 0.4268 -1.042376363265408e-28
6130 0.613 -7.807254755903021e-29
6131 0.6131 -3.1232292053714757e-29
6132 0.6132000000000001 1.5750385299132378e-29
6133 0.6133000000000001 6.286493538113607e-29
6134 0.6134000000000001 1.1009507033391125e-28