n s W(s)
0 0.0 -1.0634737324493901e-12
1 0.01 0.009459529969380043
2 0.02 0.01891908005164966
3 0.03 0.028378667255751555
4 0.04 0.037838305744348766
5 0.05 0.04729800641112636
6 0.06 0.05675777728790177
7 0.07 0.06621762319236701
8 0.08 0.07567754607682708
9 0.09 0.08513754497448289
10 0.1 0.0945976158729831
11 0.11 0.10405775199200207
12 0.12 0.11351794359880607
13 0.13 0.12297817818341272
14 0.14 0.13243844044684572
15 0.15 0.14189871224555262
16 0.16 0.15135897281551536
17 0.17 0.16081919859598415
18 0.18 0.17027936331555793
19 0.19 0.17973943817332128
20 0.2 0.18919939164082322
21 0.21 0.19865918964466545
22 0.22 0.20811879548618606
23 0.23 0.21757817007027214
24 0.24 0.22703727167245447
25 0.25 0.23649605611301894
26 0.26 0.24595447676500726
27 0.27 0.25541248463787625
28 0.28 0.26487002824265815
29 0.29 0.27432705385252376
30 0.3 0.28378350530527285
31 0.31 0.2932393241450697
32 0.32 0.3026944496711508
33 0.33 0.31214881888681134
34 0.34 0.3216023666210006
35 0.35000000000000003 0.3310550254130433
36 0.36 0.34050672572947605
37 0.37 0.3499573957891613
38 0.38 0.3594069618380402
39 0.39 0.3688553478015919
40 0.4 0.37830247576994225
41 0.41000000000000003 0.3877482656626725
42 0.42 0.39719263535216953
43 0.43 0.40663550086409117
44 0.44 0.4160767760843527
45 0.45 0.4255163730661238
46 0.46 0.43495420199874246
47 0.47000000000000003 0.44439017102924794
48 0.48 0.45382418656139834
49 0.49 0.46325615312806434
50 0.5 0.4726859733628075
51 0.51 0.48211354830389297
52 0.52 0.4915387770475945
53 0.53 0.5009615569706369
54 0.54 0.510381783824748
55 0.55 0.519799351669576
56 0.56 0.5292141526872243
57 0.5700000000000001 0.5386260777167422
58 0.58 0.5480350157133529
59 0.59 0.5574408542742191
60 0.6 0.5668434791914478
61 0.61 0.5762427748790913
62 0.62 0.5856386241056555
63 0.63 0.5950309082048904
64 0.64 0.6044195070672629
65 0.65 0.6138042989670112
66 0.66 0.6231851608960852
67 0.67 0.6325619683331922
68 0.68 0.6419345954607394
69 0.6900000000000001 0.6513029149973306
70 0.7000000000000001 0.6606667984186458
71 0.71 0.670026115719196
72 0.72 0.679380735710609
73 0.73 0.6887305258886158
74 0.74 0.6980753525415224
75 0.75 0.7074150806002848
76 0.76 0.7167495738156902
77 0.77 0.7260786948337454
78 0.78 0.7354023050395426
79 0.79 0.7447202646641955
80 0.8 0.7540324328116128
81 0.81 0.7633386675054084
82 0.8200000000000001 0.7726388256096044
83 0.8300000000000001 0.7819327630271147
84 0.84 0.7912203344631195
85 0.85 0.8005013936693501
86 0.86 0.8097757933556693
87 0.87 0.8190433852936536
88 0.88 0.8283040202579599
89 0.89 0.8375575480191912
90 0.9 0.846803817462586
91 0.91 0.8560426765647833
92 0.92 0.8652739723574712
93 0.93 0.874497550980351
94 0.9400000000000001 0.8837132578324827
95 0.9500000000000001 0.892920937424023
96 0.96 0.9021204333126462
97 0.97 0.9113115884335485
98 0.98 0.9204942449020734
99 0.99 0.9296682439286599
100 1.0 0.9388334261912377
101 1.01 0.9479896314218053
102 1.02 0.9571366988577523
103 1.03 0.9662744668597156
104 1.04 0.975402773209396
105 1.05 0.9845214550144448
106 1.06 0.9936303487394582
107 1.07 1.0027292902408504
108 1.08 1.0118181147618373
109 1.09 1.0208966568979605
110 1.1 1.0299647508263519
111 1.11 1.0390222299559895
112 1.12 1.048068927356951
113 1.1300000000000001 1.0571046754592857
114 1.1400000000000001 1.0661293062811978
115 1.1500000000000001 1.0751426512663045
116 1.16 1.084144541452531
117 1.17 1.0931348073382594
118 1.18 1.1021132790982051
119 1.19 1.11107978643102
120 1.2 1.120034158612384
121 1.21 1.1289762245183965
122 1.22 1.1379058126845791
123 1.23 1.1468227513342981
124 1.24 1.1557268682645656
125 1.25 1.1646179909229772
126 1.26 1.1734959465599388
127 1.27 1.1823605620969602
128 1.28 1.191211664042953
129 1.29 1.2000490788497586
130 1.3 1.2088726324886068
131 1.31 1.2176821509385718
132 1.32 1.2264774597240375
133 1.33 1.2352583843511127
134 1.34 1.2440247500281885
135 1.35 1.252776381760043
136 1.36 1.2615131044976522
137 1.37 1.2702347429936367
138 1.3800000000000001 1.2789411218032285
139 1.3900000000000001 1.287632065376215
140 1.4000000000000001 1.29630739816767
141 1.41 1.304966944417771
142 1.42 1.3136105282956407
143 1.43 1.3222379739412418
144 1.44 1.330849105494508
145 1.45 1.3394437469070795
146 1.46 1.3480217222604551
147 1.47 1.3565828554507107
148 1.48 1.365126970560084
149 1.49 1.3736538915833307
150 1.5 1.3821634425168554
151 1.51 1.390655447426326
152 1.52 1.3991297304851287
153 1.53 1.4075861158315774
154 1.54 1.416024427645965
155 1.55 1.4244444904417435
156 1.56 1.4328461285404615
157 1.57 1.4412291665500732
158 1.58 1.449593429120938
159 1.59 1.4579387411317555
160 1.6 1.4662649274835644
161 1.61 1.4745718132892023
162 1.62 1.4828592239180978
163 1.6300000000000001 1.4911269848243194
164 1.6400000000000001 1.4993749216724268
165 1.6500000000000001 1.507602860342729
166 1.6600000000000001 1.5158106269661573
167 1.67 1.5239980478473854
168 1.68 1.5321649495665497
169 1.69 1.5403111589783691
170 1.7 1.5484365031229856
171 1.71 1.5565408093800954
172 1.72 1.56462390536538
173 1.73 1.5726856191034813
174 1.74 1.5807257787138553
175 1.75 1.5887442128795328
176 1.76 1.5967407503642335
177 1.77 1.6047152205204043
178 1.78 1.6126674528105127
179 1.79 1.6205972772458779
180 1.8 1.6285045241023681
181 1.81 1.636389024028432
182 1.82 1.644250608069882
183 1.83 1.652089107759025
184 1.84 1.6599043548732766
185 1.85 1.6676961818210145
186 1.86 1.6754644211692096
187 1.87 1.6832089061567785
188 1.8800000000000001 1.6909294703468163
189 1.8900000000000001 1.6986259477972112
190 1.9000000000000001 1.7062981730125841
191 1.9100000000000001 1.713945980952161
192 1.92 1.7215692071221156
193 1.93 1.7291676874730797
194 1.94 1.7367412584533213
195 1.95 1.744289757030998
196 1.96 1.7518130206905766
197 1.97 1.7593108874450536
198 1.98 1.766783195835103
199 1.99 1.774229784970231
200 2.0 1.7816504944755422
201 2.0100000000000002 1.7890451645764074
202 2.02 1.7964136360465375
203 2.0300000000000002 1.8037557502368884
204 2.04 1.811071349030044
205 2.05 1.8183602750337968
206 2.06 1.8256223713210886
207 2.07 1.8328574816527237
208 2.08 1.84006545039054
209 2.09 1.8472461225002803
210 2.1 1.8543993436146877
211 2.11 1.8615249599911579
212 2.12 1.8686228185443952
213 2.13 1.875692766773824
214 2.14 1.8827346529567137
215 2.15 1.8897483259457317
216 2.16 1.8967336353088342
217 2.17 1.9036904313006175
218 2.18 1.910618564914671
219 2.19 1.9175178877076462
220 2.2 1.9243882520709121
221 2.21 1.9312295110624689
222 2.22 1.9380415184414517
223 2.23 1.9448241287224164
224 2.24 1.9515771971320532
225 2.25 1.9583005796457655
226 2.2600000000000002 1.9649941329655576
227 2.27 1.9716577145950964
228 2.2800000000000002 1.978291182708631
229 2.29 1.9848943963403087
230 2.3000000000000003 1.9914672152238495
231 2.31 1.9980094999130529
232 2.32 2.0045211117435997
233 2.33 2.011001912755205
234 2.34 2.0174517659373237
235 2.35 2.023870534941352
236 2.36 2.0302580843165856
237 2.37 2.0366142793396307
238 2.38 2.0429389861553773
239 2.39 2.049232071757217
240 2.4 2.055493403896321
241 2.41 2.061722851252739
242 2.42 2.0679202832420174
243 2.43 2.0740855702146064
244 2.44 2.0802185833187536
245 2.45 2.0863191944956156
246 2.46 2.0923872767573926
247 2.47 2.0984227037240544
248 2.48 2.104425350056829
249 2.49 2.1103950912647633
250 2.5 2.1163318036993246
251 2.5100000000000002 2.122235364581229
252 2.52 2.128105652099066
253 2.5300000000000002 2.133942545213472
254 2.54 2.139745923986993
255 2.5500000000000003 2.145515669191127
256 2.56 2.1512516624924274
257 2.57 2.156953786742463
258 2.58 2.162621925335543
259 2.59 2.16825596288254
260 2.6 2.173855784711975
261 2.61 2.179421277269114
262 2.62 2.184952327832491
263 2.63 2.1904488245757534
264 2.64 2.1959106567378512
265 2.65 2.201337714367469
266 2.66 2.206729888512996
267 2.67 2.2120870713022214
268 2.68 2.2174091556130975
269 2.69 2.222696035387969
270 2.7 2.227947605576219
271 2.71 2.233163762004949
272 2.72 2.238344401552638
273 2.73 2.2434894219983335
274 2.74 2.248598722121244
275 2.75 2.2536722017473494
276 2.7600000000000002 2.2587097616384995
277 2.77 2.263711303512821
278 2.7800000000000002 2.2686767301122472
279 2.79 2.273605945186546
280 2.8000000000000003 2.27849885350372
281 2.81 2.2833553607474073
282 2.82 2.2881753736654673
283 2.83 2.292958800064582
284 2.84 2.2977055486126687
285 2.85 2.3024155291285524
286 2.86 2.30708865239842
287 2.87 2.31172483022209
288 2.88 2.316323975389821
289 2.89 2.3208860018286828
290 2.9 2.3254108243434644
291 2.91 2.3298983588335886
292 2.92 2.3343485222701474
293 2.93 2.33876123256033
294 2.94 2.3431364087755924
295 2.95 2.347473970910073
296 2.96 2.351773840051692
297 2.97 2.356035938327011
298 2.98 2.360260188860707
299 2.99 2.3644465159151196
300 3.0 2.368594844703921
301 3.0100000000000002 2.372705101566112
302 3.02 2.37677721382056
303 3.0300000000000002 2.3808111099449434
304 3.04 2.3848067193988527
305 3.0500000000000003 2.3887639726190173
306 3.06 2.3926828013083536
307 3.0700000000000003 2.3965631380387435
308 3.08 2.4004049165874903
309 3.09 2.404208071655262
310 3.1 2.4079725390918725
311 3.11 2.411698255857857
312 3.12 2.4153851598818505
313 3.13 2.4190331902340176
314 3.14 2.4226422870037254
315 3.15 2.4262123914411973
316 3.16 2.429743445719282
317 3.17 2.4332353932445585
318 3.18 2.436688178385907
319 3.19 2.4401017466666417
320 3.2 2.44347604466509
321 3.21 2.446811019986683
322 3.22 2.450106621392422
323 3.23 2.4533627986949114
324 3.24 2.456579502791726
325 3.25 2.4597566856155595
326 3.2600000000000002 2.4628943002243204
327 3.27 2.465992300820915
328 3.2800000000000002 2.469050642624154
329 3.29 2.472069281875747
330 3.3000000000000003 2.4750481760572143
331 3.31 2.4779872836026584
332 3.3200000000000003 2.480886564114087
333 3.33 2.4837459782320366
334 3.34 2.4865654877494876
335 3.35 2.4893450554858987
336 3.36 2.4920846453033505
337 3.37 2.494784222371777
338 3.38 2.4974437526279303
339 3.39 2.5000632033822967
340 3.4 2.5026425428683865
341 3.41 2.505181740530986
342 3.42 2.5076807667383605
343 3.43 2.510139593120641
344 3.44 2.5125581923257414
345 3.45 2.514936538064376
346 3.46 2.5172746051858894
347 3.47 2.519572369596119
348 3.48 2.5218298083308923
349 3.49 2.524046899496227
350 3.5 2.526223622230816
351 3.5100000000000002 2.5283599568454633
352 3.52 2.5304558847636827
353 3.5300000000000002 2.532511388344176
354 3.54 2.534526451187105
355 3.5500000000000003 2.5365010579446334
356 3.56 2.538435194326439
357 3.5700000000000003 2.5403288471084693
358 3.58 2.5421820042158174
359 3.59 2.5439946546727583
360 3.6 2.545766788472804
361 3.61 2.547498396812557
362 3.62 2.5491894719120864
363 3.63 2.550840007118893
364 3.64 2.5524499968544774
365 3.65 2.5540194365461275
366 3.66 2.5555483227882974
367 3.67 2.55703665326007
368 3.68 2.558484426676671
369 3.69 2.559891642806292
370 3.7 2.5612583025442746
371 3.71 2.562584407926238
372 3.72 2.563869961917476
373 3.73 2.565114968678415
374 3.74 2.5663194333362185
375 3.75 2.567483362212272
376 3.7600000000000002 2.5686067625910596
377 3.77 2.569689642896492
378 3.7800000000000002 2.5707320126031163
379 3.79 2.571733882218325
380 3.8000000000000003 2.5726952634090594
381 3.81 2.5736161688021184
382 3.8200000000000003 2.5744966121075095
383 3.83 2.5753366081630134
384 3.84 2.5761361728244765
385 3.85 2.576895323016288
386 3.86 2.5776140766829485
387 3.87 2.578292452874223
388 3.88 2.5789304716983565
389 3.89 2.5795281542179396
390 3.9 2.5800855227385
391 3.91 2.5806026004274827
392 3.92 2.5810794115919293
393 3.93 2.5815159816308437
394 3.94 2.5819123368166856
395 3.95 2.5822685046377387
396 3.96 2.582584513635936
397 3.97 2.582860393197393
398 3.98 2.5830961739452505
399 3.99 2.583291887468647
400 4.0 2.583447566338066
401 4.01 2.5835632442630754
402 4.0200000000000005 2.5836389558758697
403 4.03 2.5836747369407362
404 4.04 2.583670624111676
405 4.05 2.5836266552713028
406 4.0600000000000005 2.5835428690998015
407 4.07 2.583419305515463
408 4.08 2.5832560052189706
409 4.09 2.583053010134904
410 4.1 2.582810363069939
411 4.11 2.5825281079332854
412 4.12 2.582206289587816
413 4.13 2.581844953911343
414 4.14 2.581444147794457
415 4.15 2.581003919147406
416 4.16 2.580524316845697
417 4.17 2.580005390767667
418 4.18 2.579447191827626
419 4.19 2.57884977194459
420 4.2 2.5782131838937516
421 4.21 2.5775374815755185
422 4.22 2.5768227198717
423 4.23 2.5760689545996343
424 4.24 2.5752762425294122
425 4.25 2.5744446415286575
426 4.26 2.5735742102924632
427 4.2700000000000005 2.572665008602371
428 4.28 2.571717097112014
429 4.29 2.5707305376109844
430 4.3 2.569705392618289
431 4.3100000000000005 2.5686417257916787
432 4.32 2.567539601729095
433 4.33 2.566399085927003
434 4.34 2.565220244861621
435 4.3500000000000005 2.5640031459836905
436 4.36 2.5627478576490716
437 4.37 2.56145444919747
438 4.38 2.560122990875925
439 4.39 2.5587535539626742
440 4.4 2.557346210500043
441 4.41 2.5559010336822325
442 4.42 2.5544180974283677
443 4.43 2.552897476743624
444 4.44 2.5513392474830425
445 4.45 2.549743486424063
446 4.46 2.548110271275732
447 4.47 2.5464396807240632
448 4.48 2.544731794189488
449 4.49 2.5429866922221436
450 4.5 2.5412044562058327
451 4.51 2.5393851683323874
452 4.5200000000000005 2.537528911799882
453 4.53 2.5356357706746735
454 4.54 2.5337058299047612
455 4.55 2.531739175367022
456 4.5600000000000005 2.5297358937700665
457 4.57 2.527696072777701
458 4.58 2.5256198008108868
459 4.59 2.5235071673969287
460 4.6000000000000005 2.521358262678575
461 4.61 2.5191731778579083
462 4.62 2.516952004903885
463 4.63 2.5146948367006416
464 4.64 2.5124017669672867
465 4.65 2.5100728903252048
466 4.66 2.50770830219318
467 4.67 2.505308098856517
468 4.68 2.5028723774925083
469 4.69 2.500401236072605
470 4.7 2.4978947734359167
471 4.71 2.4953530892676667
472 4.72 2.4927762840274568
473 4.73 2.490164459117409
474 4.74 2.487517716667071
475 4.75 2.484836159686438
476 4.76 2.482119891980119
477 4.7700000000000005 2.4793690181932106
478 4.78 2.47658364367544
479 4.79 2.4737638748086965
480 4.8 2.470909818569112
481 4.8100000000000005 2.4680215828224163
482 4.82 2.4650992762202577
483 4.83 2.4621430082975166
484 4.84 2.45915288921276
485 4.8500000000000005 2.456129030023021
486 4.86 2.4530715425581775
487 4.87 2.4499805393847964
488 4.88 2.4468561339147072
489 4.89 2.443698440316325
490 4.9 2.4405075734429147
491 4.91 2.4372836490379086
492 4.92 2.4340267834691076
493 4.93 2.430737094040637
494 4.94 2.4274146985853804
495 4.95 2.4240597159363233
496 4.96 2.4206722654755595
497 4.97 2.41725246740873
498 4.98 2.413800442696356
499 4.99 2.4103163129288987
500 5.0 2.406800200606426
501 5.01 2.403252228791189
502 5.0200000000000005 2.39967252132476
503 5.03 2.39606120286669
504 5.04 2.392418398600057
505 5.05 2.3887442345638874
506 5.0600000000000005 2.3850388374207796
507 5.07 2.381302334611746
508 5.08 2.3775348542500296
509 5.09 2.373736525107347
510 5.1000000000000005 2.369907476699268
511 5.11 2.366047839187331
512 5.12 2.362157743420539
513 5.13 2.3582373209148955
514 5.14 2.3542867039951716
515 5.15 2.350306025409509
516 5.16 2.3462954188112235
517 5.17 2.3422550183593103
518 5.18 2.3381849589529793
519 5.19 2.3340853760694245
520 5.2 2.3299564059627755
521 5.21 2.3257981854549143
522 5.22 2.321610851941955
523 5.23 2.317394543534533
524 5.24 2.313149399049962
525 5.25 2.3088755577965685
526 5.26 2.304573159755023
527 5.2700000000000005 2.3002423456140377
528 5.28 2.295883256524462
529 5.29 2.291496034404304
530 5.3 2.287080821584027
531 5.3100000000000005 2.2826377612269653
532 5.32 2.278166997018957
533 5.33 2.2736686731095688
534 5.34 2.2691429343808522
535 5.3500000000000005 2.2645899263120555
536 5.36 2.2600097948902658
537 5.37 2.255402686672369
538 5.38 2.250768748888504
539 5.39 2.2461081292264
540 5.4 2.241420976017025
541 5.41 2.2367074381461407
542 5.42 2.231967664989156
543 5.43 2.2272018065956445
544 5.44 2.222410013409217
545 5.45 2.217592436537984
546 5.46 2.212749227642803
547 5.47 2.207880538813015
548 5.48 2.20298652271606
549 5.49 2.1980673325642783
550 5.5 2.1931231221209373
551 5.51 2.18815404560371
552 5.5200000000000005 2.183160257785289
553 5.53 2.1781419139593936
554 5.54 2.1730991698470916
555 5.55 2.1680321817538015
556 5.5600000000000005 2.1629411064308215
557 5.57 2.157826101201067
558 5.58 2.1526873237427253
559 5.59 2.1475249323519847
560 5.6000000000000005 2.1423390856842843
561 5.61 2.1371299429598594
562 5.62 2.131897663863924
563 5.63 2.126642408466637
564 5.64 2.121364337400223
565 5.65 2.1160636116410387
566 5.66 2.1107403927654786
567 5.67 2.1053948426728084
568 5.68 2.1000271237459174
569 5.69 2.0946373987860625
570 5.7 2.0892258311072283
571 5.71 2.0837925843667335
572 5.72 2.0783378226342393
573 5.73 2.072861710506686
574 5.74 2.0673644129518607
575 5.75 2.061846095240753
576 5.76 2.0563069232235875
577 5.7700000000000005 2.0507470630358284
578 5.78 2.04516668126314
579 5.79 2.0395659448595325
580 5.8 2.033945021193176
581 5.8100000000000005 2.028304077966027
582 5.82 2.022643283360594
583 5.83 2.0169628058229137
584 5.84 2.0112628142370568
585 5.8500000000000005 2.005543477869878
586 5.86 1.9998049662581252
587 5.87 1.9940474493830607
588 5.88 1.9882710975768987
589 5.89 1.9824760814636875
590 5.9 1.9766625720500315
591 5.91 1.9708307406973518
592 5.92 1.9649807590751607
593 5.93 1.959112799202103
594 5.94 1.9532270333606903
595 5.95 1.9473236342606697
596 5.96 1.9414027748616718
597 5.97 1.9354646284373302
598 5.98 1.9295093686349674
599 5.99 1.9235371692553827
600 6.0 1.9175482045989156
601 6.01 1.9115426490720893
602 6.0200000000000005 1.9055206775227589
603 6.03 1.8994824649641942
604 6.04 1.8934281867821028
605 6.05 1.8873580185820629
606 6.0600000000000005 1.8812721362841103
607 6.07 1.875170716032926
608 6.08 1.869053934237968
609 6.09 1.862921967644752
610 6.1000000000000005 1.856774993156364
611 6.11 1.8506131879306622
612 6.12 1.844436729423478
613 6.13 1.8382457953513267
614 6.140000000000001 1.8320405635802217
615 6.15 1.825821212241749
616 6.16 1.8195879197190834
617 6.17 1.8133408646299358
618 6.18 1.8070802257105925
619 6.19 1.8008061820287367
620 6.2 1.794518912828039
621 6.21 1.7882185974840468
622 6.22 1.781905415710753
623 6.23 1.775579547247844
624 6.24 1.7692411721777717
625 6.25 1.762890470638581
626 6.26 1.7565276231049438
627 6.2700000000000005 1.7501528100293626
628 6.28 1.7437662122235906
629 6.29 1.7373680105499716
630 6.3 1.7309583861060673
631 6.3100000000000005 1.724537520056856
632 6.32 1.7181055938290228
633 6.33 1.7116627889661231
634 6.34 1.7052092870900424
635 6.3500000000000005 1.6987452700201402
636 6.36 1.6922709197559698
637 6.37 1.6857864183247102
638 6.38 1.6792919479270267
639 6.390000000000001 1.6727876909269526
640 6.4 1.66627382981153
641 6.41 1.6597505470485885
642 6.42 1.6532180253342403
643 6.43 1.6466764474918136
644 6.44 1.6401259963907933
645 6.45 1.633566854954779
646 6.46 1.6269992063057543
647 6.47 1.620423233541601
648 6.48 1.613839119957106
649 6.49 1.6072470488199997
650 6.5 1.6006472035185197
651 6.51 1.5940397675021813
652 6.5200000000000005 1.5874249243058784
653 6.53 1.5808028575179378
654 6.54 1.5741737507433982
655 6.55 1.5675377876881385
656 6.5600000000000005 1.5608951520765686
657 6.57 1.5542460276740258
658 6.58 1.5475905983306575
659 6.59 1.5409290478307867
660 6.6000000000000005 1.5342615601331318
661 6.61 1.5275883190539616
662 6.62 1.5209095085801891
663 6.63 1.5142253126234664
664 6.640000000000001 1.5075359151015846
665 6.65 1.5008415000226023
666 6.66 1.4941422513654743
667 6.67 1.4874383529529496
668 6.68 1.48072998889063
669 6.69 1.4740173430358254
670 6.7 1.46730059934157
671 6.71 1.4605799417030312
672 6.72 1.453855554012307
673 6.73 1.4471276201186356
674 6.74 1.4403963238224833
675 6.75 1.43366184894046
676 6.76 1.4269243792240331
677 6.7700000000000005 1.4201840983645297
678 6.78 1.413441190048843
679 6.79 1.4066958377995888
680 6.8 1.3999482251715563
681 6.8100000000000005 1.3931985356726955
682 6.82 1.3864469527346728
683 6.83 1.379693659645909
684 6.84 1.3729388397305229
685 6.8500000000000005 1.36618267609731
686 6.86 1.359425351893833
687 6.87 1.3526670501055378
688 6.88 1.3459079536939953
689 6.890000000000001 1.339148245469346
690 6.9 1.3323881081124682
691 6.91 1.3256277242879833
692 6.92 1.3188672764924831
693 6.93 1.3121069471056899
694 6.94 1.3053469184227424
695 6.95 1.2985873725972397
696 6.96 1.2918284916357834
697 6.97 1.2850704574709653
698 6.98 1.2783134518432462
699 6.99 1.2715576563930426
700 7.0 1.2648032525675035
701 7.01 1.258050421775124
702 7.0200000000000005 1.2512993451383636
703 7.03 1.2445502036533753
704 7.04 1.2378031782466223
705 7.05 1.231058449659713
706 7.0600000000000005 1.2243161983265054
707 7.07 1.2175766047123489
708 7.08 1.2108398489218644
709 7.09 1.2041061109994189
710 7.1000000000000005 1.197375570797135
711 7.11 1.1906484079243
712 7.12 1.1839248017829505
713 7.13 1.1772049316938364
714 7.140000000000001 1.1704889766762108
715 7.15 1.163777115560947
716 7.16 1.157069526982923
717 7.17 1.150366389379542
718 7.18 1.1436678809127443
719 7.19 1.1369741796355584
720 7.2 1.1302854632014032
721 7.21 1.1236019092515335
722 7.22 1.1169236949982633
723 7.23 1.1102509975447674
724 7.24 1.103583993725465
725 7.25 1.0969228600533825
726 7.26 1.0902677729064862
727 7.2700000000000005 1.083618908282915
728 7.28 1.076976442104069
729 7.29 1.0703405498453549
730 7.3 1.063711406842117
731 7.3100000000000005 1.0570891880635145
732 7.32 1.0504740683139744
733 7.33 1.0438662220396964
734 7.34 1.0372658234298342
735 7.3500000000000005 1.030673046406264
736 7.36 1.0240880645593506
737 7.37 1.0175110512848278
738 7.38 1.0109421795287972
739 7.390000000000001 1.0043816221190127
740 7.4 0.9978295514221145
741 7.41 0.9912861395454229
742 7.42 0.9847515583627455
743 7.43 0.9782259793433923
744 7.44 0.9717095736345982
745 7.45 0.9652025121401948
746 7.46 0.9587049653856639
747 7.47 0.9522171035799829
748 7.48 0.9457390965576451
749 7.49 0.9392711138451659
750 7.5 0.9328133247049664
751 7.51 0.9263658978865124
752 7.5200000000000005 0.9199290019259934
753 7.53 0.9135028049972789
754 7.54 0.9070874748513233
755 7.55 0.9006831789191665
756 7.5600000000000005 0.8942900842968129
757 7.57 0.8879083576429139
758 7.58 0.8815381653046188
759 7.59 0.8751796732497041
760 7.6000000000000005 0.8688330470155279
761 7.61 0.862498451849774
762 7.62 0.8561760524968349
763 7.63 0.8498660134442844
764 7.640000000000001 0.8435684986837941
765 7.65 0.8372836718589269
766 7.66 0.8310116962230722
767 7.67 0.8247527345705521
768 7.68 0.818506949343714
769 7.69 0.8122745025565337
770 7.7 0.8060555558375881
771 7.71 0.7998502703164831
772 7.72 0.7936588068087076
773 7.73 0.787481325618046
774 7.74 0.7813179866853943
775 7.75 0.7751689494755283
776 7.76 0.7690343730600944
777 7.7700000000000005 0.7629144160241594
778 7.78 0.7568092365706889
779 7.79 0.7507189923946953
780 7.8 0.7446438407979485
781 7.8100000000000005 0.7385839385849522
782 7.82 0.7325394421055762
783 7.83 0.7265105073480527
784 7.84 0.7204972897030757
785 7.8500000000000005 0.7144999441605933
786 7.86 0.7085186252795665
787 7.87 0.7025534871239643
788 7.88 0.6966046831606718
789 7.890000000000001 0.6906723665812251
790 7.9 0.6847566899837148
791 7.91 0.6788578055125072
792 7.92 0.6729758647501285
793 7.930000000000001 0.6671110189062119
794 7.94 0.6612634186291189
795 7.95 0.6554332140997303
796 7.96 0.6496205549326532
797 7.97 0.6438255902784249
798 7.98 0.6380484688262413
799 7.99 0.632289338722444
800 8.0 0.6265483476037161
801 8.01 0.6208256424696401
802 8.02 0.6151213700525204
803 8.03 0.6094356763725273
804 8.040000000000001 0.6037687069574531
805 8.05 0.5981206068146321
806 8.06 0.5924915204457193
807 8.07 0.5868815917865504
808 8.08 0.5812909642585282
809 8.09 0.5757197807221246
810 8.1 0.5701681835070076
811 8.11 0.5646363144170436
812 8.120000000000001 0.5591243146387797
813 8.13 0.5536323248502413
814 8.14 0.548160485188987
815 8.15 0.5427089352122039
816 8.16 0.5372778139326329
817 8.17 0.5318672597575187
818 8.18 0.5264774105525021
819 8.19 0.521108403636731
820 8.2 0.5157603757185143
821 8.21 0.5104334629668301
822 8.22 0.5051278009461839
823 8.23 0.4998435246088775
824 8.24 0.49458076835469456
825 8.25 0.4893396660398821
826 8.26 0.48412035085686966
827 8.27 0.4789229554743315
828 8.28 0.4737476118571067
829 8.290000000000001 0.4685944515030087
830 8.3 0.46346360520749386
831 8.31 0.4583552032412399
832 8.32 0.45326937516745147
833 8.33 0.44820625003035275
834 8.34 0.44316595626321487
835 8.35 0.4381486215975201
836 8.36 0.4331543732216687
837 8.370000000000001 0.42818333771288053
838 8.38 0.423235640945677
839 8.39 0.4183114082567272
840 8.4 0.4134107642996696
841 8.41 0.4085338331275352
842 8.42 0.4036807381393146
843 8.43 0.3988516021219084
844 8.44 0.39404654716634013
845 8.45 0.3892656948040667
846 8.46 0.3845091658770343
847 8.47 0.37977708055939274
848 8.48 0.37506955849016776
849 8.49 0.3703867184650562
850 8.5 0.365728678787832
851 8.51 0.36109555707082563
852 8.52 0.3564874701904728
853 8.53 0.3519045344802407
854 8.540000000000001 0.34734686551803406
855 8.55 0.34281457827637496
856 8.56 0.3383077870046236
857 8.57 0.3338266053311827
858 8.58 0.3293711461795965
859 8.59 0.32494152184824543
860 8.6 0.3205378438702837
861 8.61 0.3161602231798497
862 8.620000000000001 0.31180876999223983
863 8.63 0.3074835938556362
864 8.64 0.3031848035876692
865 8.65 0.29891250740990927
866 8.66 0.2946668127358407
867 8.67 0.2904478263898227
868 8.68 0.2862556544329209
869 8.69 0.282090402274207
870 8.700000000000001 0.27795217458412935
871 8.71 0.2738410753535163
872 8.72 0.2697572078849362
873 8.73 0.2657006747338073
874 8.74 0.2616715777455738
875 8.75 0.25767001811971113
876 8.76 0.25369609628603484
877 8.77 0.24974991200190289
878 8.78 0.24583156424648678
879 8.790000000000001 0.2419411513402565
880 8.8 0.23807877084607298
881 8.81 0.23424451964979198
882 8.82 0.23043849386203874
883 8.83 0.2266607888781209
884 8.84 0.22291149938416766
885 8.85 0.21919071934178191
886 8.86 0.2154985419450668
887 8.870000000000001 0.21183505968599547
888 8.88 0.20820036430086475
889 8.89 0.20459454681997613
890 8.9 0.20101769747634535
891 8.91 0.1974699058130227
892 8.92 0.1939512606320477
893 8.93 0.19046184995988824
894 8.94 0.18700176108222877
895 8.950000000000001 0.1835710805482904
896 8.96 0.1801698941479799
897 8.97 0.1767982869317848
898 8.98 0.1734563431797369
899 8.99 0.17014414640095765
900 9.0 0.16686177939868685
901 9.01 0.1636093241738763
902 9.02 0.16038686200272423
903 9.03 0.15719447335618497
904 9.040000000000001 0.15403223795715348
905 9.05 0.1509002348221884
906 9.06 0.14779854208688903
907 9.07 0.1447272372045063
908 9.08 0.14168639681133754
909 9.09 0.1386760968453018
910 9.1 0.13569641236063035
911 9.11 0.13274741772784182
912 9.120000000000001 0.12982918651516684
913 9.13 0.12694179146637907
914 9.14 0.12408530463869738
915 9.15 0.1212597972075855
916 9.16 0.11846533965251638
917 9.17 0.11570200161327193
918 9.18 0.11296985195485831
919 9.19 0.11026895878774212
920 9.200000000000001 0.10759938939668245
921 9.21 0.10496121028870675
922 9.22 0.10235448721243756
923 9.23 0.09977928502314626
924 9.24 0.097235667926725
925 9.25 0.09472369925038038
926 9.26 0.09224344149572516
927 9.27 0.08979495645087354
928 9.28 0.08737830506277078
929 9.290000000000001 0.08499354748346377
930 9.3 0.08264074303554025
931 9.31 0.0803199502992129
932 9.32 0.07803122699544929
933 9.33 0.07577463007578444
934 9.34 0.07355021567457243
935 9.35 0.07135803913081418
936 9.36 0.06919815490812198
937 9.370000000000001 0.06707061681277082
938 9.38 0.06497547765297895
939 9.39 0.06291278959315605
940 9.4 0.060882603876166286
941 9.41 0.05888497096725587
942 9.42 0.056919940538705305
943 9.43 0.05498756141241756
944 9.44 0.05308788164290945
945 9.450000000000001 0.051220948362015406
946 9.46 0.04938680804593787
947 9.47 0.04758550619101243
948 9.48 0.045817087600994455
949 9.49 0.044081596197997897
950 9.5 0.04237907505898875
951 9.51 0.04070956648399715
952 9.52 0.0390731119244947
953 9.53 0.03746975201681835
954 9.540000000000001 0.03589952661366169
955 9.55 0.0343624746393516
956 9.56 0.03285863432927272
957 9.57 0.03138804296440867
958 9.58 0.029950737045396636
959 9.59 0.02854675229730219
960 9.6 0.027176123516028383
961 9.61 0.025838884772838355
962 9.620000000000001 0.024535069188686975
963 9.63 0.02326470918603718
964 9.64 0.022027836245570143
965 9.65 0.020824481070462753
966 9.66 0.019654673514651222
967 9.67 0.018518442629329
968 9.68 0.017415816566540343
969 9.69 0.01634682269877885
970 9.700000000000001 0.01531148757351275
971 9.71 0.014309836804159204
972 9.72 0.013341895299731732
973 9.73 0.012407687046902538
974 9.74 0.011507235195153953
975 9.75 0.01064056211987463
976 9.76 0.009807689321178259
977 9.77 0.009008637393208119
978 9.78 0.00824342618227547
979 9.790000000000001 0.007512074699661753
980 9.8 0.006814601071027937
981 9.81 0.00615102253857458
982 9.82 0.005521355645669246
983 9.83 0.004925615931142602
984 9.84 0.004363818181445822
985 9.85 0.0038359763599373764
986 9.86 0.003342103531281282
987 9.870000000000001 0.002882211951487079
988 9.88 0.002456313028915247
989 9.89 0.002064417342580782
990 9.9 0.0017065345409719157
991 9.91 0.0013826735929569622
992 9.92 0.0010928424549092597
993 9.93 0.000837048341281843
994 9.94 0.0006152976272915112
995 9.950000000000001 0.0004275957400068364
996 9.96 0.00027394742824071727
997 9.97 0.000154356417397139
998 9.98 6.882576872158097e-05
999 9.99 1.7357523802274955e-05
1000 10.0 -4.7019057092256844e-08
1001 10.01 1.66126089879981e-05
1002 10.02 6.733598604569124e-05
1003 10.03 0.00015212184712254384
1004 10.040000000000001 0.0002709681202759384
1005 10.05 0.0004238718420310761
1006 10.06 0.0006108292315047947
1007 10.07 0.0008318356935888005
1008 10.08 0.001086885684230765
1009 10.09 0.0013759729688445077
1010 10.1 0.0016990903342275487
1011 10.11 0.0020562297993365064
1012 10.120000000000001 0.002447382480681881
1013 10.13 0.0028725387309123107
1014 10.14 0.0033316880034135465
1015 10.15 0.003824818955649789
1016 10.16 0.0043519192961412045
1017 10.17 0.004912976015248205
1018 10.18 0.005507975205659932
1019 10.19 0.006136902135267519
1020 10.200000000000001 0.006799741158943107
1021 10.21 0.007496475919992918
1022 10.22 0.008227089102888385
1023 10.23 0.008991562626647465
1024 10.24 0.009789877520461232
1025 10.25 0.010622014020896131
1026 10.26 0.011487951473327485
1027 10.27 0.012387668419023612
1028 10.28 0.013321142568770483
1029 10.290000000000001 0.014288350775245817
1030 10.3 0.015289269020286156
1031 10.31 0.01632387253800971
1032 10.32 0.017392135659861196
1033 10.33 0.018494031884756623
1034 10.34 0.01962953386987465
1035 10.35 0.02079861350784995
1036 10.36 0.022001241703037522
1037 10.370000000000001 0.023237388762822775
1038 10.38 0.0245070239228653
1039 10.39 0.02581011566996949
1040 10.4 0.027146631769142004
1041 10.41 0.02851653900575002
1042 10.42 0.029919803365487496
1043 10.43 0.03135639010497471
1044 10.44 0.0328262634938028
1045 10.450000000000001 0.034329387115690224
1046 10.46 0.03586572363326468
1047 10.47 0.03743523488617484
1048 10.48 0.03903788196453206
1049 10.49 0.04067362507009875
1050 10.5 0.04234242361565066
1051 10.51 0.04404423608127672
1052 10.52 0.045779020307804785
1053 10.53 0.04754673313959756
1054 10.540000000000001 0.04934733072468589
1055 10.55 0.051180768344693206
1056 10.56 0.05304700041551769
1057 10.57 0.054945980635125125
1058 10.58 0.056877661750149855
1059 10.59 0.058841995823058824
1060 10.6 0.0608389340454778
1061 10.61 0.06286842675831394
1062 10.620000000000001 0.06493042356441947
1063 10.63 0.06702487316147199
1064 10.64 0.06915172350045395
1065 10.65 0.07131092173005982
1066 10.66 0.07350241414178527
1067 10.67 0.075726146262582
1068 10.68 0.07798206275765551
1069 10.69 0.08027010751766284
1070 10.700000000000001 0.08259022368133628
1071 10.71 0.08494235351088264
1072 10.72 0.0873264384565573
1073 10.73 0.08974241921544035
1074 10.74 0.0921902356890314
1075 10.75 0.09466982689048109
1076 10.76 0.09718113116844052
1077 10.77 0.09972408594910576
1078 10.78 0.10229862795949884
1079 10.790000000000001 0.10490469307217154
1080 10.8 0.10754221638342187
1081 10.81 0.11021113223432621
1082 10.82 0.11291137408306895
1083 10.83 0.11564287469263945
1084 10.84 0.11840556601521257
1085 10.85 0.12119937916668277
1086 10.86 0.12402424452102423
1087 10.870000000000001 0.12688009169630732
1088 10.88 0.1297668494893287
1089 10.89 0.1326844458767482
1090 10.9 0.13563280814241807
1091 10.91 0.13861186272413306
1092 10.92 0.14162153532709
1093 10.93 0.14466175086192834
1094 10.94 0.1477324334766763
1095 10.950000000000001 0.1508335065175288
1096 10.96 0.15396489258341717
1097 10.97 0.15712651354499485
1098 10.98 0.16031829042174195
1099 10.99 0.16354014348632973
1100 11.0 0.16679199232555675
1101 11.01 0.17007375567584404
1102 11.02 0.17338535157625756
1103 11.03 0.1767266972614152
1104 11.040000000000001 0.1800977091909317
1105 11.05 0.18349830316378757
1106 11.06 0.18692839411755813
1107 11.07 0.19038789632816133
1108 11.08 0.19387672321295213
1109 11.09 0.19739478753638195
1110 11.1 0.200942001300632
1111 11.11 0.20451827575493553
1112 11.120000000000001 0.20812352133646073
1113 11.13 0.21175764786073614
1114 11.14 0.2154205643082605
1115 11.15 0.21911217897570623
1116 11.16 0.22283239941316424
1117 11.17 0.22658113243085154
1118 11.18 0.2303582840402214
1119 11.19 0.2341637596820192
1120 11.200000000000001 0.23799746392717225
1121 11.21 0.24185930068631478
1122 11.22 0.24574917307836586
1123 11.23 0.24966698360867667
1124 11.24 0.2536126339624616
1125 11.25 0.25758602518237694
1126 11.26 0.26158705751925027
1127 11.27 0.26561563055827264
1128 11.28 0.2696716432158155
1129 11.290000000000001 0.27375499357117405
1130 11.3 0.2778655790916673
1131 11.31 0.28200329656067424
1132 11.32 0.28616804194246015
1133 11.33 0.29035971062523913
1134 11.34 0.2945781972240411
1135 11.35 0.2988233956845079
1136 11.36 0.3030951992463997
1137 11.370000000000001 0.30739350045223546
1138 11.38 0.311718191119553
1139 11.39 0.31606916251848816
1140 11.4 0.32044630503901317
1141 11.41 0.32484950850152927
1142 11.42 0.3292786620519337
1143 11.43 0.3337336541237619
1144 11.44 0.3382143724585376
1145 11.450000000000001 0.3427207041282827
1146 11.46 0.3472525355845164
1147 11.47 0.3518097525588928
1148 11.48 0.3563922400935553
1149 11.49 0.3609998826267429
1150 11.5 0.3656325639000215
1151 11.51 0.37029016696851613
1152 11.52 0.3749725743169847
1153 11.53 0.37967966768769656
1154 11.540000000000001 0.3844113281521686
1155 11.55 0.3891674362730555
1156 11.56 0.393947871775822
1157 11.57 0.39875251387638855
1158 11.58 0.403581241089114
1159 11.59 0.4084339313144483
1160 11.6 0.4133104617973231
1161 11.61 0.4182107091156695
1162 11.620000000000001 0.42313454929251293
1163 11.63 0.42808185766193674
1164 11.64 0.43305250892467484
1165 11.65 0.43804637722348616
1166 11.66 0.4430633359759213
1167 11.67 0.44810325808111884
1168 11.68 0.4531660157359738
1169 11.69 0.458251480563149
1170 11.700000000000001 0.4633595235420671
1171 11.71 0.4684900151509055
1172 11.72 0.4736428250895415
1173 11.73 0.4788178225961701
1174 11.74 0.48401487625369555
1175 11.75 0.48923385400007646
1176 11.76 0.49447462327134417
1177 11.77 0.4997370508382346
1178 11.78 0.5050210029232858
1179 11.790000000000001 0.5103263450995428
1180 11.8 0.5156529424656355
1181 11.81 0.5210006594135166
1182 11.82 0.5263693598311647
1183 11.83 0.5317589070409667
1184 11.84 0.5371691637403728
1185 11.85 0.54259999205658
1186 11.86 0.548051253601102
1187 11.870000000000001 0.5535228093855267
1188 11.88 0.5590145198852952
1189 11.89 0.5645262449354504
1190 11.9 0.5700578439772244
1191 11.91 0.5756091756751402
1192 11.92 0.581180098354821
1193 11.93 0.5867704697022873
1194 11.94 0.5923801468183001
1195 11.950000000000001 0.5980089863564899
1196 11.96 0.6036568443417991
1197 11.97 0.6093235763432858
1198 11.98 0.6150090373680541
1199 11.99 0.6207130818232827
1200 12.0 0.62643556367982
1201 12.01 0.6321763364277331
1202 12.02 0.6379352528913387
1203 12.030000000000001 0.6437121655160354
1204 12.040000000000001 0.6495069261428625
1205 12.05 0.6553193861379896
1206 12.06 0.6611493963437169
1207 12.07 0.6669968071571475
1208 12.08 0.6728614683966043
1209 12.09 0.6787432294383962
1210 12.1 0.6846419390948313
1211 12.11 0.6905574458013461
1212 12.120000000000001 0.6964895974135743
1213 12.13 0.702438241312052
1214 12.14 0.7084032244492846
1215 12.15 0.7143843932229856
1216 12.16 0.7203815935915827
1217 12.17 0.7263946711137805
1218 12.18 0.7324234707671167
1219 12.19 0.7384678370877964
1220 12.200000000000001 0.744527614217418
1221 12.21 0.7506026457932649
1222 12.22 0.7566927749646766
1223 12.23 0.7627978445196959
1224 12.24 0.7689176966874811
1225 12.25 0.7750521733684081
1226 12.26 0.7812011158811174
1227 12.27 0.7873643652498004
1228 12.280000000000001 0.7935417619983127
1229 12.290000000000001 0.7997331462362354
1230 12.3 0.8059383575761103
1231 12.31 0.812157235279301
1232 12.32 0.8183896182383705
1233 12.33 0.824635344791659
1234 12.34 0.8308942529664591
1235 12.35 0.837166180320196
1236 12.36 0.8434509640530905
1237 12.370000000000001 0.8497484409518847
1238 12.38 0.8560584473651716
1239 12.39 0.8623808192546676
1240 12.4 0.86871539229071
1241 12.41 0.8750620015689492
1242 12.42 0.8814204819774432
1243 12.43 0.8877906678994805
1244 12.44 0.8941723934171932
1245 12.450000000000001 0.9005654922192434
1246 12.46 0.9069697976153748
1247 12.47 0.9133851425452804
1248 12.48 0.9198113595355153
1249 12.49 0.9262482808585446
1250 12.5 0.9326957383929084
1251 12.51 0.9391535636066237
1252 12.52 0.945621587664732
1253 12.530000000000001 0.9520996414412366
1254 12.540000000000001 0.9585875553533469
1255 12.55 0.9650851595682752
1256 12.56 0.9715922838603319
1257 12.57 0.9781087577480321
1258 12.58 0.9846344103294769
1259 12.59 0.9911690704742568
1260 12.6 0.9977125666811162
1261 12.61 1.0042647271416172
1262 12.620000000000001 1.0108253797316138
1263 12.63 1.0173943520386501
1264 12.64 1.023971471296477
1265 12.65 1.0305565645476236
1266 12.66 1.037149458402837
1267 12.67 1.0437499792624294
1268 12.68 1.0503579532439744
1269 12.69 1.0569732061406967
1270 12.700000000000001 1.0635955635012806
1271 12.71 1.0702248505574516
1272 12.72 1.076860892285822
1273 12.73 1.083503513430287
1274 12.74 1.0901525384209663
1275 12.75 1.096807791472088
1276 12.76 1.10346909645682
1277 12.77 1.1101362771181584
1278 12.780000000000001 1.1168091568709997
1279 12.790000000000001 1.1234875588592104
1280 12.8 1.1301713060775
1281 12.81 1.1368602212020278
1282 12.82 1.1435541267322833
1283 12.83 1.150252844887973
1284 12.84 1.1569561976746172
1285 12.85 1.1636640069527857
1286 12.86 1.1703760942666577
1287 12.870000000000001 1.1770922809591866
1288 12.88 1.183812388216893
1289 12.89 1.190536236996536
1290 12.9 1.1972636480746814
1291 12.91 1.2039944419490212
1292 12.92 1.210728439031982
1293 12.93 1.2174654594804224
1294 12.94 1.224205323305
1295 12.950000000000001 1.2309478502752427
1296 12.96 1.2376928601009922
1297 12.97 1.2444401721725171
1298 12.98 1.2511896057868626
1299 12.99 1.2579409801539896
1300 13.0 1.264694114163376
1301 13.01 1.2714488266846047
1302 13.02 1.2782049362992893
1303 13.030000000000001 1.2849622615993894
1304 13.040000000000001 1.291720620966089
1305 13.05 1.2984798325845759
1306 13.06 1.305239714599793
1307 13.07 1.312000084948636
1308 13.08 1.318760761499675
1309 13.09 1.3255215619042247
1310 13.1 1.3322823038763545
1311 13.11 1.3390428048155627
1312 13.120000000000001 1.3458028821571588
1313 13.13 1.3525623531246538
1314 13.14 1.3593210349390574
1315 13.15 1.3660787446526683
1316 13.16 1.3728352992533246
1317 13.17 1.3795905156113122
1318 13.18 1.3863442106313641
1319 13.19 1.3930962009186487
1320 13.200000000000001 1.3998463032137352
1321 13.21 1.4065943340575586
1322 13.22 1.4133401100054925
1323 13.23 1.420083447477623
1324 13.24 1.4268241629097247
1325 13.25 1.433562072621612
1326 13.26 1.4402969929071787
1327 13.27 1.4470287400221196
1328 13.280000000000001 1.4537571301763137
1329 13.290000000000001 1.4604819795119965
1330 13.3 1.4672031041919809
1331 13.31 1.4739203203412217
1332 13.32 1.4806334439965667
1333 13.33 1.487342291301843
1334 13.34 1.4940466782558133
1335 13.35 1.5007464209194268
1336 13.36 1.5074413352804186
1337 13.370000000000001 1.5141312374706786
1338 13.38 1.5208159434171193
1339 13.39 1.527495269241058
1340 13.4 1.5341690309857086
1341 13.41 1.5408370447057678
1342 13.42 1.5474991264840128
1343 13.43 1.5541550924749572
1344 13.44 1.5608047587496685
1345 13.450000000000001 1.5674479415710039
1346 13.46 1.5740844571139405
1347 13.47 1.5807141216182572
1348 13.48 1.5873367514243455
1349 13.49 1.5939521628924922
1350 13.5 1.6005601723968539
1351 13.51 1.607160596435392
1352 13.52 1.6137532515236899
1353 13.530000000000001 1.6203379542820358
1354 13.540000000000001 1.6269145214007494
1355 13.55 1.6334827696097136
1356 13.56 1.6400425157692098
1357 13.57 1.6465935767670317
1358 13.58 1.6531357696468376
1359 13.59 1.659668911574954
1360 13.6 1.666192819669618
1361 13.61 1.672707311262343
1362 13.620000000000001 1.679212203854945
1363 13.63 1.685707314903084
1364 13.64 1.6921924620786513
1365 13.65 1.6986674632207723
1366 13.66 1.7051321361655027
1367 13.67 1.711586298960583
1368 13.68 1.7180297698162121
1369 13.69 1.7244623670262627
1370 13.700000000000001 1.7308839090576384
1371 13.71 1.73729421452515
1372 13.72 1.7436931021533155
1373 13.73 1.750080390924154
1374 13.74 1.7564558998865323
1375 13.75 1.7628194483017978
1376 13.76 1.7691708555973946
1377 13.77 1.775509941347309
1378 13.780000000000001 1.7818365253633601
1379 13.790000000000001 1.788150427638925
1380 13.8 1.7944514682336603
1381 13.81 1.8007394676252488
1382 13.82 1.8070142462900094
1383 13.83 1.813275625020765
1384 13.84 1.81952342473096
1385 13.85 1.8257574666509981
1386 13.86 1.831977572177152
1387 13.870000000000001 1.8381835628772478
1388 13.88 1.8443752606110593
1389 13.89 1.8505524874752837
1390 13.9 1.8567150657730735
1391 13.91 1.8628628180370015
1392 13.92 1.8689955670689642
1393 13.93 1.8751131359441615
1394 13.94 1.8812153479084373
1395 13.950000000000001 1.8873020265110654
1396 13.96 1.8933729956173693
1397 13.97 1.899428079282984
1398 13.98 1.9054671018756153
1399 13.99 1.9114898880472992
1400 14.0 1.9174962626692604
1401 14.01 1.9234860509394593
1402 14.02 1.9294590784026013
1403 14.030000000000001 1.9354151707722167
1404 14.040000000000001 1.9413541541645145
1405 14.05 1.9472758549859464
1406 14.06 1.9531800999102416
1407 14.07 1.9590667159360464
1408 14.08 1.9649355303849916
1409 14.09 1.9707863708678133
1410 14.1 1.976619065470004
1411 14.11 1.9824334423707342
1412 14.120000000000001 1.9882293302783864
1413 14.13 1.9940065581521367
1414 14.14 1.9997649552873327
1415 14.15 2.005504351377681
1416 14.16 2.011224576464315
1417 14.17 2.0169254608993015
1418 14.18 2.0226068354024846
1419 14.19 2.0282685311524347
1420 14.200000000000001 2.0339103795651
1421 14.21 2.0395322125644952
1422 14.22 2.0451338623030324
1423 14.23 2.050715161492576
1424 14.24 2.056275943025753
1425 14.25 2.0618160404582113
1426 14.26 2.0673352874486
1427 14.27 2.0728335182973296
1428 14.280000000000001 2.078310567605058
1429 14.290000000000001 2.083766270377396
1430 14.3 2.089200462035137
1431 14.31 2.094612978510554
1432 14.32 2.1000036560155877
1433 14.33 2.105372331352555
1434 14.34 2.110718841574567
1435 14.35 2.1160430242994153
1436 14.36 2.121344717632496
1437 14.370000000000001 2.126623759952963
1438 14.38 2.13187999023296
1439 14.39 2.137113247975094
1440 14.4 2.142323372834767
1441 14.41 2.147510205234312
1442 14.42 2.152673585921434
1443 14.43 2.157813356202041
1444 14.44 2.1629293577701674
1445 14.450000000000001 2.168021432842579
1446 14.46 2.173089424192426
1447 14.47 2.1781331749616584
1448 14.48 2.183152528845312
1449 14.49 2.188147330077868
1450 14.5 2.193117423333547
1451 14.51 2.1980626538279466
1452 14.52 2.2029828672641543
1453 14.530000000000001 2.207877909949616
1454 14.540000000000001 2.2127476285702414
1455 14.55 2.2175918704954256
1456 14.56 2.2224104834612035
1457 14.57 2.2272033159298417
1458 14.58 2.2319702167062587
1459 14.59 2.2367110352637383
1460 14.6 2.241425621620806
1461 14.61 2.2461138263756766
1462 14.620000000000001 2.2507755004871797
1463 14.63 2.2554104957069967
1464 14.64 2.260018664247923
1465 14.65 2.264599858932911
1466 14.66 2.269153933114353
1467 14.67 2.2736807407616197
1468 14.68 2.278180136361698
1469 14.69 2.2826519751019987
1470 14.700000000000001 2.2870961126654947
1471 14.71 2.2915124053787395
1472 14.72 2.2959007101168254
1473 14.73 2.300260884426052
1474 14.74 2.304592786439912
1475 14.75 2.308896274844983
1476 14.76 2.313171209029747
1477 14.77 2.31741744901683
1478 14.780000000000001 2.321634855281559
1479 14.790000000000001 2.3258232891733996
1480 14.8 2.3299826124773517
1481 14.81 2.3341126877438683
1482 14.82 2.3382133780999084
1483 14.83 2.3422845472948666
1484 14.84 2.346326059835519
1485 14.85 2.350337780766381
1486 14.86 2.3543195758318234
1487 14.870000000000001 2.3582713114818716
1488 14.88 2.3621928547672724
1489 14.89 2.3660840734164594
1490 14.9 2.3699448359597
1491 14.91 2.3737750113627953
1492 14.92 2.3775744695199137
1493 14.93 2.38134308083238
1494 14.94 2.385080716521202
1495 14.950000000000001 2.388787248434369
1496 14.96 2.39246254911518
1497 14.97 2.3961064918003103
1498 14.98 2.3997189505483902
1499 14.99 2.4032997999655663
1500 15.0 2.406848915437763
1501 15.01 2.410366173089642
1502 15.02 2.4138514498278028
1503 15.030000000000001 2.4173046231605895
1504 15.040000000000001 2.420725571349408
1505 15.05 2.424114173473072
1506 15.06 2.4274703092809204
1507 15.07 2.4307938592750133
1508 15.08 2.434084704743782
1509 15.09 2.4373427276773327
1510 15.1 2.4405678107841595
1511 15.11 2.4437598376426877
1512 15.120000000000001 2.446918692536997
1513 15.13 2.4500442604794443
1514 15.14 2.4531364272872906
1515 15.15 2.45619507958304
1516 15.16 2.4592201046625632
1517 15.17 2.4622113907371386
1518 15.18 2.4651688266599194
1519 15.19 2.4680923022210663
1520 15.200000000000001 2.4709817078759215
1521 15.21 2.473836934961696
1522 15.22 2.4766578755384216
1523 15.23 2.4794444225123016
1524 15.24 2.482196469623659
1525 15.25 2.4849139114061245
1526 15.26 2.4875966431495726
1527 15.27 2.4902445610628092
1528 15.280000000000001 2.49285756200743
1529 15.290000000000001 2.4954355438485436
1530 15.3 2.497978405223307
1531 15.31 2.5004860455096605
1532 15.32 2.502958365055747
1533 15.33 2.5053952650075644
1534 15.34 2.507796647267355
1535 15.35 2.5101624146929
1536 15.36 2.5124924709275547
1537 15.370000000000001 2.5147867204527756
1538 15.38 2.5170450687268158
1539 15.39 2.519267421884024
1540 15.4 2.521453687069311
1541 15.41 2.523603772173601
1542 15.42 2.5257175860829193
1543 15.43 2.527795038492627
1544 15.44 2.529836039931979
1545 15.450000000000001 2.5318405018268777
1546 15.46 2.5338083366056026
1547 15.47 2.5357394574048158
1548 15.48 2.5376337783784493
1549 15.49 2.5394912144789714
1550 15.5 2.541311681621437
1551 15.51 2.543095096608454
1552 15.52 2.5448413770733396
1553 15.530000000000001 2.5465504416885096
1554 15.540000000000001 2.5482222099336695
1555 15.55 2.5498566021810802
1556 15.56 2.55145353978412
1557 15.57 2.5530129450219192
1558 15.58 2.5545347410201202
1559 15.59 2.5560188518347786
1560 15.6 2.5574652025360365
1561 15.610000000000001 2.5588737190847723
1562 15.620000000000001 2.5602443282760987
1563 15.63 2.561576957967418
1564 15.64 2.562871536860939
1565 15.65 2.564127994728551
1566 15.66 2.5653462621219205
1567 15.67 2.566526270596114
1568 15.68 2.5676679527379065
1569 15.69 2.568771242009916
1570 15.700000000000001 2.569836072849057
1571 15.71 2.5708623805934394
1572 15.72 2.571850101616178
1573 15.73 2.572799173259682
1574 15.74 2.5737095337238998
1575 15.75 2.5745811223913506
1576 15.76 2.575413879315761
1577 15.77 2.576207745780721
1578 15.780000000000001 2.576962663897575
1579 15.790000000000001 2.5776785768701984
1580 15.8 2.5783554287686457
1581 15.81 2.5789931647201456
1582 15.82 2.579591730792231
1583 15.83 2.5801510740770937
1584 15.84 2.5806711427151185
1585 15.85 2.581151885679219
1586 15.860000000000001 2.5815932530870214
1587 15.870000000000001 2.581995195938248
1588 15.88 2.582357666325038
1589 15.89 2.5826806173355408
1590 15.9 2.5829640030560768
1591 15.91 2.5832077784846206
1592 15.92 2.5834118997410087
1593 15.93 2.5835763239772405
1594 15.94 2.583701009224569
1595 15.950000000000001 2.5837859145905213
1596 15.96 2.5838310003850893
1597 15.97 2.5838362275796953
1598 15.98 2.583801558433379
1599 15.99 2.583726956203691
1600 16.0 2.5836123850792774
1601 16.01 2.5834578103593913
1602 16.02 2.5832631983226975
1603 16.03 2.583028516276272
1604 16.04 2.5827537326608763
1605 16.05 2.5824388168139194
1606 16.06 2.5820837392095655
1607 16.07 2.5816884713275385
1608 16.080000000000002 2.5812529856603987
1609 16.09 2.5807772557867565
1610 16.1 2.5802612563441016
1611 16.11 2.5797049629921958
1612 16.12 2.5791083523957923
1613 16.13 2.578471402321952
1614 16.14 2.577794091646183
1615 16.15 2.5770764001260886
1616 16.16 2.5763183087548214
1617 16.17 2.5755197994832315
1618 16.18 2.574680855380848
1619 16.19 2.573801460465006
1620 16.2 2.5728815999692642
1621 16.21 2.571921260068848
1622 16.22 2.570920428054251
1623 16.23 2.569879092273368
1624 16.240000000000002 2.5687972421470704
1625 16.25 2.567674868142035
1626 16.26 2.5665119617895016
1627 16.27 2.5653085157663327
1628 16.28 2.5640645236827595
1629 16.29 2.5627799803698963
1630 16.3 2.561454881664872
1631 16.31 2.5600892243927547
1632 16.32 2.5586830066949915
1633 16.330000000000002 2.557236227537146
1634 16.34 2.5557488870113048
1635 16.35 2.554220986509449
1636 16.36 2.5526525281304657
1637 16.37 2.5510435154019433
1638 16.38 2.5493939527290195
1639 16.39 2.547703845697356
1640 16.4 2.5459732008745277
1641 16.41 2.544202025992149
1642 16.42 2.542390329895852
1643 16.43 2.540538122408975
1644 16.44 2.5386454144821755
1645 16.45 2.536712218278467
1646 16.46 2.534738546823519
1647 16.47 2.532724414392078
1648 16.48 2.53066983630913
1649 16.490000000000002 2.528574828979913
1650 16.5 2.5264394098732055
1651 16.51 2.5242635975462235
1652 16.52 2.522047411768199
1653 16.53 2.519790873178522
1654 16.54 2.5174940037016995
1655 16.55 2.5151568262979254
1656 16.56 2.512779364898506
1657 16.57 2.510361644720888
1658 16.580000000000002 2.5079036919405553
1659 16.59 2.505405533811313
1660 16.6 2.5028671988325186
1661 16.61 2.500288716397904
1662 16.62 2.497670117159714
1663 16.63 2.4950114326850326
1664 16.64 2.492312695760802
1665 16.65 2.4895739402873005
1666 16.66 2.4867952011657053
1667 16.67 2.483976514390065
1668 16.68 2.4811179170883406
1669 16.69 2.4782194474917105
1670 16.7 2.4752811448297507
1671 16.71 2.4723030495310923
1672 16.72 2.4692852030168524
1673 16.73 2.466227647923688
1674 16.740000000000002 2.463130427768192
1675 16.75 2.459993587411077
1676 16.76 2.456817172530805
1677 16.77 2.4536012301119854
1678 16.78 2.450345808084876
1679 16.79 2.447050955555028
1680 16.8 2.443716722573072
1681 16.81 2.440343160433713
1682 16.82 2.4369303214920137
1683 16.830000000000002 2.4334782590556188
1684 16.84 2.4299870275634703
1685 16.85 2.426456682609569
1686 16.86 2.4228872808212145
1687 16.87 2.4192788797975027
1688 16.88 2.4156315384597065
1689 16.89 2.411945316483184
1690 16.9 2.408220274851601
1691 16.91 2.4044564755558895
1692 16.92 2.4006539816467694
1693 16.93 2.396812857164946
1694 16.94 2.3929331673975867
1695 16.95 2.3890149784725736
1696 16.96 2.3850583577853968
1697 16.97 2.3810633736716227
1698 16.98 2.377030095554119
1699 16.990000000000002 2.372958593914632
1700 17.0 2.3688489403177755
1701 17.01 2.3647012073447513
1702 17.02 2.3605154686651986
1703 17.03 2.356291798926236
1704 17.04 2.3520302739362933
1705 17.05 2.3477309704003346
1706 17.06 2.343393966236249
1707 17.07 2.3390193403008652
1708 17.080000000000002 2.3346071724552075
1709 17.09 2.3301575437396878
1710 17.1 2.325670536122175
1711 17.11 2.3211462326174797
1712 17.12 2.3165847172767826
1713 17.13 2.3119860752037766
1714 17.14 2.3073503924525767
1715 17.150000000000002 2.3026777561501603
1716 17.16 2.2979682545988
1717 17.17 2.293221976825521
1718 17.18 2.288439013041966
1719 17.19 2.2836194544825617
1720 17.2 2.2787633933091342
1721 17.21 2.273870922835556
1722 17.22 2.2689421371663343
1723 17.23 2.263977131631634
1724 17.240000000000002 2.2589760023266194
1725 17.25 2.2539388465721117
1726 17.26 2.248865762560115
1727 17.27 2.24375684945511
1728 17.28 2.2386122074526043
1729 17.29 2.2334319376952294
1730 17.3 2.228216142416727
1731 17.31 2.2229649246317535
1732 17.32 2.2176783884407314
1733 17.330000000000002 2.212356638954418
1734 17.34 2.206999782155833
1735 17.35 2.2016079250701637
1736 17.36 2.1961811756377188
1737 17.37 2.1907196427041526
1738 17.38 2.1852234361520004
1739 17.39 2.17969266678881
1740 17.400000000000002 2.1741274463113314
1741 17.41 2.1685278874380742
1742 17.42 2.162894103769645
1743 17.43 2.1572262097791963
1744 17.44 2.1515243209791493
1745 17.45 2.1457885537718653
1746 17.46 2.140019025444701
1747 17.47 2.1342158541896197
1748 17.48 2.1283791591817476
1749 17.490000000000002 2.1225090604089587
1750 17.5 2.1166056787319008
1751 17.51 2.110669136081981
1752 17.52 2.1046995551535588
1753 17.53 2.098697059508652
1754 17.54 2.092661773668624
1755 17.55 2.0865938229403014
1756 17.56 2.0804933335575697
1757 17.57 2.0743604326361833
1758 17.580000000000002 2.068195248070424
1759 17.59 2.061997908755359
1760 17.6 2.0557685443078526
1761 17.61 2.0495072851723535
1762 17.62 2.0432142627539633
1763 17.63 2.036889609210675
1764 17.64 2.0305334575465963
1765 17.650000000000002 2.024145941637812
1766 17.66 2.017727196043097
1767 17.67 2.0112773562552206
1768 17.68 2.004796558606415
1769 17.69 1.9982849400623195
1770 17.7 1.9917426385467252
1771 17.71 1.9851697927094278
1772 17.72 1.9785665419306042
1773 17.73 1.971933026462466
1774 17.740000000000002 1.9652693873034082
1775 17.75 1.958575766187721
1776 17.76 1.951852305565069
1777 17.77 1.9450991487535703
1778 17.78 1.9383164397307837
1779 17.79 1.9315043232161315
1780 17.8 1.9246629447344503
1781 17.81 1.9177924504172665
1782 17.82 1.910892987259217
1783 17.830000000000002 1.9039647028185982
1784 17.84 1.8970077454176817
1785 17.85 1.8900222642077438
1786 17.86 1.8830084087793466
1787 17.87 1.8759663296233384
1788 17.88 1.8688961778161683
1789 17.89 1.8617981051014567
1790 17.900000000000002 1.8546722638375286
1791 17.91 1.847518807237293
1792 17.92 1.8403378889085502
1793 17.93 1.8331296632669023
1794 17.94 1.8258942853054236
1795 17.95 1.8186319105755047
1796 17.96 1.8113426954327565
1797 17.97 1.8040267966512147
1798 17.98 1.7966843716830567
1799 17.990000000000002 1.789315578589651
1800 18.0 1.7819205760395675
1801 18.01 1.7744995231514054
1802 18.02 1.7670525798199037
1803 18.03 1.7595799062542028
1804 18.04 1.7520816634575453
1805 18.05 1.7445580127761673
1806 18.06 1.7370091162151198
1807 18.07 1.7294351363186706
1808 18.080000000000002 1.7218362360428614
1809 18.09 1.7142125788820977
1810 18.1 1.7065643290108596
1811 18.11 1.6988916507651197
1812 18.12 1.6911947092678474
1813 18.13 1.683473669965963
1814 18.14 1.67572869876318
1815 18.150000000000002 1.6679599621270995
1816 18.16 1.660167626843588
1817 18.17 1.6523518602043055
1818 18.18 1.6445128298961436
1819 18.19 1.6366507040837064
1820 18.2 1.628765651252138
1821 18.21 1.6208578403327465
1822 18.22 1.6129274407136904
1823 18.23 1.6049746219740086
1824 18.240000000000002 1.596999554295735
1825 18.25 1.5890024080171088
1826 18.26 1.5809833539386773
1827 18.27 1.5729425631707272
1828 18.28 1.564880207086162
1829 18.29 1.5567964575329825
1830 18.3 1.548691486488167
1831 18.31 1.5405654663354085
1832 18.32 1.5324185697170947
1833 18.330000000000002 1.5242509695263493
1834 18.34 1.5160628389496082
1835 18.35 1.5078543514266016
1836 18.36 1.4996256805875419
1837 18.37 1.4913770003493596
1838 18.38 1.4831084848131013
1839 18.39 1.4748203083531735
1840 18.400000000000002 1.4665126453782023
1841 18.41 1.4581856707539487
1842 18.42 1.4498395591824078
1843 18.43 1.4414744857810433
1844 18.44 1.4330906257621336
1845 18.45 1.4246881544210055
1846 18.46 1.4162672471786664
1847 18.47 1.4078280796438776
1848 18.48 1.3993708274115306
1849 18.490000000000002 1.3908956663192953
1850 18.5 1.382402772097862
1851 18.51 1.3738923206931872
1852 18.52 1.3653644880710658
1853 18.53 1.3568194501064
1854 18.54 1.3482573828820819
1855 18.55 1.339678462469692
1856 18.56 1.3310828647715311
1857 18.57 1.3224707658218335
1858 18.580000000000002 1.313842341625218
1859 18.59 1.3051977681036533
1860 18.6 1.296537221123799
1861 18.61 1.287860876553566
1862 18.62 1.2791689100722579
1863 18.63 1.270461497349629
1864 18.64 1.2617388139404966
1865 18.650000000000002 1.2530010352520549
1866 18.66 1.2442483365218777
1867 18.67 1.2354808928848229
1868 18.68 1.2266988793765279
1869 18.69 1.2179024707193662
1870 18.7 1.2090918414932048
1871 18.71 1.2002671661511783
1872 18.72 1.1914286188207939
1873 18.73 1.1825763734093186
1874 18.740000000000002 1.1737106036705711
1875 18.75 1.1648314829510014
1876 18.76 1.1559391843962032
1877 18.77 1.1470338808856582
1878 18.78 1.138115744909527
1879 18.79 1.129184948646838
1880 18.8 1.120241664006528
1881 18.81 1.1112860624206746
1882 18.82 1.1023183150925888
1883 18.830000000000002 1.0933385927385473
1884 18.84 1.0843470656159582
1885 18.85 1.0753439037384283
1886 18.86 1.0663292765334518
1887 18.87 1.0573033530406235
1888 18.88 1.0482663018171934
1889 18.89 1.0392182909214682
1890 18.900000000000002 1.0301594878588674
1891 18.91 1.021090059800116
1892 18.92 1.0120101731429259
1893 18.93 1.0029199939070566
1894 18.94 0.9938196874735183
1895 18.95 0.9847094185966512
1896 18.96 0.9755893515407763
1897 18.97 0.9664596498371623
1898 18.98 0.9573204764131731
1899 18.990000000000002 0.9481719936143804
1900 19.0 0.9390143629868248
1901 19.01 0.9298477454387353
1902 19.02 0.9206723012853502
1903 19.03 0.9114881898569536
1904 19.04 0.9022955699356032
1905 19.05 0.8930945995556954
1906 19.06 0.883885435780968
1907 19.07 0.8746682351327308
1908 19.080000000000002 0.8654431531355158
1909 19.09 0.856210344374631
1910 19.1 0.8469699629435468
1911 19.11 0.8377221616896122
1912 19.12 0.8284670927640718
1913 19.13 0.8192049073576015
1914 19.14 0.8099357556438349
1915 19.150000000000002 0.8006597870052587
1916 19.16 0.7913771497555899
1917 19.17 0.782087991175473
1918 19.18 0.7727924575827956
1919 19.19 0.7634906944329316
1920 19.2 0.7541828457048609
1921 19.21 0.7448690546963803
1922 19.22 0.7355494634643946
1923 19.23 0.7262242129696688
1924 19.240000000000002 0.7168934429731451
1925 19.25 0.7075572922633455
1926 19.26 0.6982158982053477
1927 19.27 0.6888693971805253
1928 19.28 0.6795179241693177
1929 19.29 0.6701616131282719
1930 19.3 0.6608005965397581
1931 19.31 0.6514350056509954
1932 19.32 0.6420649706809911
1933 19.330000000000002 0.6326906200279154
1934 19.34 0.6233120811630215
1935 19.35 0.6139294800592126
1936 19.36 0.6045429411587122
1937 19.37 0.5951525876040193
1938 19.38 0.5857585412830133
1939 19.39 0.5763609222633903
1940 19.400000000000002 0.5669598493888941
1941 19.41 0.5575554399277252
1942 19.42 0.5481478095826304
1943 19.43 0.5387370725897824
1944 19.44 0.5293233415100218
1945 19.45 0.5199067273850915
1946 19.46 0.510487339655981
1947 19.47 0.5010652860001272
1948 19.48 0.491640672548769
1949 19.490000000000002 0.4822136036965503
1950 19.5 0.4727841821368628
1951 19.51 0.4633525087117931
1952 19.52 0.45391868279723724
1953 19.53 0.44448280155019404
1954 19.54 0.4350449607374003
1955 19.55 0.4256052539333979
1956 19.56 0.416163773063559
1957 19.57 0.40672060819558453
1958 19.580000000000002 0.3972758473468758
1959 19.59 0.3878295766189268
1960 19.6 0.3783818802497336
1961 19.61 0.3689328403116292
1962 19.62 0.359482537068061
1963 19.63 0.3500310486573994
1964 19.64 0.3405784510364356
1965 19.650000000000002 0.3311248182127855
1966 19.66 0.3216702220887555
1967 19.67 0.31221473227927277
1968 19.68 0.3027584163157826
1969 19.69 0.2933013396085187
1970 19.7 0.28384356513745956
1971 19.71 0.2743851538294777
1972 19.72 0.26492616418256176
1973 19.73 0.2554666525309699
1974 19.740000000000002 0.24600667276681776
1975 19.75 0.23654627641542447
1976 19.76 0.22708551263990273
1977 19.77 0.21762442823637684
1978 19.78 0.20816306739586565
1979 19.79 0.19870147205825361
1980 19.8 0.18923968145768555
1981 19.81 0.17977773241075568
1982 19.82 0.17031565913768532
1983 19.830000000000002 0.1608534933204524
1984 19.84 0.15139126378364054
1985 19.85 0.14192899709291495
1986 19.86 0.1324667168089988
1987 19.87 0.12300444398226773
1988 19.88 0.11354219680556099
1989 19.89 0.1040799907503569
1990 19.900000000000002 0.09461783845156901
1991 19.91 0.08515574983570673
1992 19.92 0.07569373177998173
1993 19.93 0.06623178852586875
1994 19.94 0.05676992104200096
1995 19.95 0.04730812771612847
1996 19.96 0.03784640376399917
1997 19.97 0.028384741341098696
1998 19.98 0.01892312971268817
1999 19.990000000000002 0.00946155496747747
2000 20.0 4.720251801773269e-11