n s W(s)
0 0.0 1.3960287006642064e-11
1 0.01 0.01592274899111945
2 0.02 0.031844051009882746
3 0.03 0.04776247182219029
4 0.04 0.06367659082726895
5 0.05 0.07958500114043154
6 0.06 0.09548630941371705
7 0.07 0.11137913586652282
8 0.08 0.12726211415564315
9 0.09 0.14313389128437493
10 0.1 0.15899312760742568
11 0.11 0.17483849670519724
12 0.12 0.190668685325468
13 0.13 0.20648239333783103
14 0.14 0.22227833362354055
15 0.15 0.23805523206316082
16 0.16 0.25381182741182506
17 0.17 0.2695468712727642
18 0.18 0.285259128047052
19 0.19 0.3009473747608915
20 0.2 0.3166104011413964
21 0.21 0.3322470094758252
22 0.22 0.3478560145130061
23 0.23 0.3634362434682856
24 0.24 0.378986535933322
25 0.25 0.3945057437817745
26 0.26 0.40999273114045565
27 0.27 0.42544637430800947
28 0.28 0.44086556168911883
29 0.29 0.4562491937192803
30 0.3 0.4715961828570201
31 0.31 0.4869054534459636
32 0.32 0.5021759416738583
33 0.33 0.5174065955214786
34 0.34 0.5325963747098257
35 0.35000000000000003 0.5477442506319647
36 0.36 0.5628492062480532
37 0.37 0.5779102360703661
38 0.38 0.5929263460670171
39 0.39 0.6078965536639842
40 0.4 0.6228198875738755
41 0.41000000000000003 0.6376953878352296
42 0.42 0.6525221057188446
43 0.43 0.6672991036381788
44 0.44 0.6820254551094465
45 0.45 0.6967002447253279
46 0.46 0.7113225679707398
47 0.47000000000000003 0.725891531362862
48 0.48 0.7404062521965926
49 0.49 0.7548658586217982
50 0.5 0.7692694894832712
51 0.51 0.7836162943249079
52 0.52 0.7979054333057576
53 0.53 0.8121360771712887
54 0.54 0.8263074071268548
55 0.55 0.8404186148298933
56 0.56 0.8544689023644239
57 0.5700000000000001 0.868457482088516
58 0.58 0.8823835766591372
59 0.59 0.8962464188966166
60 0.6 0.9100452518414883
61 0.61 0.9237793285731826
62 0.62 0.9374479122201649
63 0.63 0.9510502759206716
64 0.64 0.9645857026630651
65 0.65 0.978053485402242
66 0.66 0.9914529268151142
67 0.67 1.0047833393524286
68 0.68 1.0180440451941877
69 0.6900000000000001 1.0312343761043437
70 0.7000000000000001 1.0443536734607903
71 0.71 1.0574012881962602
72 0.72 1.0703765806628525
73 0.73 1.0832789206668991
74 0.74 1.0961076873437605
75 0.75 1.108862269168739
76 0.76 1.121542063874415
77 0.77 1.1341464783519655
78 0.78 1.1466749286627191
79 0.79 1.159126839966035
80 0.8 1.171501646434919
81 0.81 1.1837987912248593
82 0.8200000000000001 1.196017726450279
83 0.8300000000000001 1.2081579130522186
84 0.84 1.2202188208475349
85 0.85 1.2321999283824852
86 0.86 1.2441007229603969
87 0.87 1.25592070049629
88 0.88 1.2676593655611725
89 0.89 1.2793162312511441
90 0.9 1.2908908191960933
91 0.91 1.3023826594811823
92 0.92 1.3137912905799567
93 0.93 1.3251162593470696
94 0.9400000000000001 1.3363571209062428
95 0.9500000000000001 1.3475134386316938
96 0.96 1.358584784141641
97 0.97 1.3695707371565078
98 0.98 1.3804708855103343
99 0.99 1.3912848251151928
100 1.0 1.4020121598281463
101 1.01 1.412652501513449
102 1.02 1.4232054698744747
103 1.03 1.4336706925368645
104 1.04 1.44404780484156
105 1.05 1.454336449962014
106 1.06 1.46453627871783
107 1.07 1.474646949598096
108 1.08 1.4846681287210401
109 1.09 1.494599489726454
110 1.1 1.5044407137753097
111 1.11 1.5141914895164064
112 1.12 1.523851512953243
113 1.1300000000000001 1.5334204875231734
114 1.1400000000000001 1.542898123921745
115 1.1500000000000001 1.552284140130837
116 1.16 1.561578261383218
117 1.17 1.5707802200610104
118 1.18 1.5798897556807106
119 1.19 1.5889066148468345
120 1.2 1.5978305511839892
121 1.21 1.60666132534476
122 1.22 1.6153987048692642
123 1.23 1.6240424642478928
124 1.24 1.6325923847900583
125 1.25 1.641048254625872
126 1.26 1.6494098686550558
127 1.27 1.6576770284506779
128 1.28 1.6658495423255033
129 1.29 1.6739272251566888
130 1.3 1.6819098984421004
131 1.31 1.6897973901867402
132 1.32 1.6975895349224288
133 1.33 1.7052861735778322
134 1.34 1.7128871535492323
135 1.35 1.7203923285672573
136 1.36 1.7278015586258562
137 1.37 1.7351147100896611
138 1.3800000000000001 1.7423316554698545
139 1.3900000000000001 1.7494522735271119
140 1.4000000000000001 1.7564764491248468
141 1.41 1.763404073215554
142 1.42 1.7702350428700413
143 1.43 1.7769692611211383
144 1.44 1.783606636980295
145 1.45 1.790147085427094
146 1.46 1.796590527275015
147 1.47 1.802936889231944
148 1.48 1.8091861037946728
149 1.49 1.815338109205726
150 1.5 1.8213928494552363
151 1.51 1.8273502742198104
152 1.52 1.833210338779935
153 1.53 1.8389730040357222
154 1.54 1.8446382364882652
155 1.55 1.850206008059473
156 1.56 1.8556762962413416
157 1.57 1.861049083914736
158 1.58 1.8663243593818493
159 1.59 1.8715021162688288
160 1.6 1.87658235355741
161 1.61 1.8815650754967805
162 1.62 1.8864502915471348
163 1.6300000000000001 1.8912380164011893
164 1.6400000000000001 1.8959282698938296
165 1.6500000000000001 1.9005210769967675
166 1.6600000000000001 1.9050164677378518
167 1.67 1.9094144772249706
168 1.68 1.9137151455310004
169 1.69 1.9179185177100635
170 1.7 1.9220246437641038
171 1.71 1.9260335785528468
172 1.72 1.9299453818318568
173 1.73 1.9337601181030095
174 1.74 1.9374778567130022
175 1.75 1.9410986717166736
176 1.76 1.944622641879846
177 1.77 1.9480498506000288
178 1.78 1.951380385971163
179 1.79 1.9546143406002727
180 1.8 1.9577518116964825
181 1.81 1.9607929009848135
182 1.82 1.963737714665939
183 1.83 1.966586363361131
184 1.84 1.9693389621355664
185 1.85 1.9719956303902961
186 1.86 1.9745564919182925
187 1.87 1.9770216747560596
188 1.8800000000000001 1.9793913112409598
189 1.8900000000000001 1.9816655379306383
190 1.9000000000000001 1.9838444955647674
191 1.9100000000000001 1.9859283290859935
192 1.92 1.9879171874908934
193 1.93 1.9898112239299621
194 1.94 1.9916105955836372
195 1.95 1.9933154636436257
196 1.96 1.9949259933110568
197 1.97 1.9964423537299467
198 1.98 1.9978647179589473
199 1.99 1.9991932629355347
200 2.0 2.0004281694598376
201 2.0100000000000002 2.0015696221267945
202 2.02 2.002617809349175
203 2.0300000000000002 2.0035729232596964
204 2.04 2.004435159745185
205 2.05 2.0052047183029913
206 2.06 2.0058818021643674
207 2.07 2.006466618136841
208 2.08 2.006959376586707
209 2.09 2.007360291506501
210 2.1 2.007669580322897
211 2.11 2.0078874640166475
212 2.12 2.0080141669803595
213 2.13 2.0080499170658186
214 2.14 2.007994945475076
215 2.15 2.0078494868142513
216 2.16 2.0076137789939423
217 2.17 2.0072880632011163
218 2.18 2.006872583919659
219 2.19 2.0063675888605133
220 2.2 2.005773328943974
221 2.21 2.0050900582327245
222 2.22 2.004318033954519
223 2.23 2.0034575164392265
224 2.24 2.0025087691192027
225 2.25 2.001472058430153
226 2.2600000000000002 2.0003476538541065
227 2.27 1.9991358278755342
228 2.2800000000000002 1.997836855914187
229 2.29 1.996451016333964
230 2.3000000000000003 1.9949785903729378
231 2.31 1.9934198621782002
232 2.32 1.991775118688679
233 2.33 1.9900446497097164
234 2.34 1.9882287477627756
235 2.35 1.986327708198047
236 2.36 1.9843418290015222
237 2.37 1.9822714109274386
238 2.38 1.9801167573589566
239 2.39 1.9778781743275147
240 2.4 1.9755559704731525
241 2.41 1.9731504569895435
242 2.42 1.9706619476608296
243 2.43 1.968090758770444
244 2.44 1.9654372090959384
245 2.45 1.962701619931778
246 2.46 1.9598843149204015
247 2.47 1.9569856201933646
248 2.48 1.954005864252366
249 2.49 1.9509453779052137
250 2.5 1.947804494351459
251 2.5100000000000002 1.9445835490830063
252 2.52 1.9412828798441524
253 2.5300000000000002 1.9379028266486955
254 2.54 1.9344437316939889
255 2.5500000000000003 1.9309059394300903
256 2.56 1.927289796449827
257 2.57 1.9235956514613974
258 2.58 1.9198238553459532
259 2.59 1.9159747610218574
260 2.6 1.9120487235105088
261 2.61 1.908046099836298
262 2.62 1.903967249062788
263 2.63 1.8998125322269743
264 2.64 1.8955823123244784
265 2.65 1.8912769543036632
266 2.66 1.8868968250236833
267 2.67 1.8824422931738525
268 2.68 1.877913729374768
269 2.69 1.8733115060636578
270 2.7 1.868635997449502
271 2.71 1.863887579566665
272 2.72 1.8590666301932117
273 2.73 1.854173528853039
274 2.74 1.8492086567765114
275 2.75 1.8441723968603867
276 2.7600000000000002 1.8390651336890187
277 2.77 1.8338872534870347
278 2.7800000000000002 1.8286391440892658
279 2.79 1.8233211949042527
280 2.8000000000000003 1.817933796935904
281 2.81 1.8124773426944216
282 2.82 1.8069522262675264
283 2.83 1.8013588431623475
284 2.84 1.795697590448185
285 2.85 1.7899688665758617
286 2.86 1.7841730714295636
287 2.87 1.7783106063304217
288 2.88 1.7723818739599437
289 2.89 1.7663872783678016
290 2.9 1.7603272249147608
291 2.91 1.7542021203130957
292 2.92 1.748012372522112
293 2.93 1.7417583908294318
294 2.94 1.7354405856950734
295 2.95 1.7290593688572926
296 2.96 1.72261515323072
297 2.97 1.7161083529266534
298 2.98 1.7095393831958745
299 2.99 1.7029086604494523
300 3.0 1.6962166022036627
301 3.0100000000000002 1.6894636270502588
302 3.02 1.682650154693249
303 3.0300000000000002 1.6757766058174184
304 3.04 1.6688434022203182
305 3.0500000000000003 1.6618509666671457
306 3.06 1.6547997228946656
307 3.0700000000000003 1.647690095654525
308 3.08 1.6405225105967816
309 3.09 1.6332973943164575
310 3.1 1.626015174327506
311 3.11 1.618676279007616
312 3.12 1.6112811376000877
313 3.13 1.6038301802131514
314 3.14 1.5963238377520383
315 3.15 1.5887625419264282
316 3.16 1.5811467252700027
317 3.17 1.5734768210404582
318 3.18 1.5657532632507127
319 3.19 1.557976486638779
320 3.2 1.5501469266460504
321 3.21 1.5422650194009861
322 3.22 1.5343312017224093
323 3.23 1.5263459110195754
324 3.24 1.5183095853905684
325 3.25 1.5102226635116267
326 3.2600000000000002 1.5020855846584595
327 3.27 1.4938987886610562
328 3.2800000000000002 1.4856627159118148
329 3.29 1.4773778073700328
330 3.3000000000000003 1.4690445044515172
331 3.31 1.4606632491128266
332 3.3200000000000003 1.4522344837763512
333 3.33 1.4437586513202518
334 3.34 1.4352361950653858
335 3.35 1.4266675587587656
336 3.36 1.4180531865798116
337 3.37 1.409393523019105
338 3.38 1.4006890130553984
339 3.39 1.39194010191477
340 3.4 1.3831472352201786
341 3.41 1.3743108588596442
342 3.42 1.3654314191050503
343 3.43 1.3565093624170572
344 3.44 1.347545135587552
345 3.45 1.3385391856277806
346 3.46 1.3294919597839794
347 3.47 1.3204039055411272
348 3.48 1.3112754705543352
349 3.49 1.3021071026595337
350 3.5 1.2928992498814864
351 3.5100000000000002 1.2836523603766068
352 3.52 1.2743668824210204
353 3.5300000000000002 1.265043264430119
354 3.54 1.2556819549170086
355 3.5500000000000003 1.2462834024642007
356 3.56 1.2368480557191788
357 3.5700000000000003 1.2273763634028114
358 3.58 1.2178687742436978
359 3.59 1.2083257369924922
360 3.6 1.1987477004198581
361 3.61 1.1891351132784962
362 3.62 1.1794884243036563
363 3.63 1.1698080821429926
364 3.64 1.1600945354209102
365 3.65 1.1503482327012762
366 3.66 1.140569622425403
367 3.67 1.1307591529556476
368 3.68 1.1209172724979908
369 3.69 1.1110444291787758
370 3.7 1.1011410709360803
371 3.71 1.091207645532677
372 3.72 1.081244600601508
373 3.73 1.0712523835161392
374 3.74 1.0612314415175774
375 3.75 1.0511822215560187
376 3.7600000000000002 1.0411051703788985
377 3.77 1.031000734496729
378 3.7800000000000002 1.0208693601127266
379 3.79 1.0107114931805086
380 3.8000000000000003 1.0005275793442934
381 3.81 0.9903180639469724
382 3.8200000000000003 0.980083392032725
383 3.83 0.9698240082732923
384 3.84 0.9595403570074268
385 3.85 0.9492328822070704
386 3.86 0.9389020274842892
387 3.87 0.928548236022948
388 3.88 0.9181719506722743
389 3.89 0.9077736138006571
390 3.9 0.8973536673480567
391 3.91 0.8869125528795507
392 3.92 0.8764507114223079
393 3.93 0.8659685835842197
394 3.94 0.8554666094879053
395 3.95 0.8449452287433132
396 3.96 0.8344048804521549
397 3.97 0.823846003229221
398 3.98 0.8132690351212091
399 3.99 0.8026744136485036
400 4.0 0.7920625757742528
401 4.01 0.781433957871343
402 4.0200000000000005 0.7707889957698626
403 4.03 0.7601281246684835
404 4.04 0.7494517791973863
405 4.05 0.7387603933008222
406 4.0600000000000005 0.7280544004005378
407 4.07 0.7173342331606136
408 4.08 0.7066003236690221
409 4.09 0.6958531033327517
410 4.1 0.6850930028736002
411 4.11 0.6743204523092459
412 4.12 0.6635358809742229
413 4.13 0.6527397175233318
414 4.14 0.641932389828753
415 4.15 0.6311143250603664
416 4.16 0.6202859496534643
417 4.17 0.6094476892545799
418 4.18 0.5985999687800359
419 4.19 0.5877432123295989
420 4.2 0.5768778432525323
421 4.21 0.5660042840767687
422 4.22 0.5551229565217
423 4.23 0.5442342814799872
424 4.24 0.5333386790271675
425 4.25 0.522436568372143
426 4.26 0.5115283679054983
427 4.2700000000000005 0.500614495139871
428 4.28 0.4896953666859645
429 4.29 0.47877139832405646
430 4.3 0.46784300488121744
431 4.3100000000000005 0.4569106003500565
432 4.32 0.44597459773365244
433 4.33 0.43503540918618455
434 4.34 0.42409344584751807
435 4.3500000000000005 0.4131491179831528
436 4.36 0.40220283487724373
437 4.37 0.39125500484755094
438 4.38 0.3803060352482248
439 4.39 0.36935633243626853
440 4.4 0.358406301801665
441 4.41 0.34745634772070844
442 4.42 0.33650687355191167
443 4.43 0.32555828163884826
444 4.44 0.3146109733169169
445 4.45 0.3036653488437082
446 4.46 0.2927218074719917
447 4.47 0.28178074735063774
448 4.48 0.2708425656318809
449 4.49 0.2599076583376245
450 4.5 0.24897642041651125
451 4.51 0.23804924574682218
452 4.5200000000000005 0.22712652710703196
453 4.53 0.2162086561252181
454 4.54 0.20529602337643382
455 4.55 0.1943890182526502
456 4.5600000000000005 0.18348802905279626
457 4.57 0.17259344292006062
458 4.58 0.16170564586241198
459 4.59 0.1508250226716541
460 4.6000000000000005 0.1399519570670691
461 4.61 0.12908683150754996
462 4.62 0.11823002732535315
463 4.63 0.10738192464754093
464 4.64 0.09654290238125895
465 4.65 0.0857133382532993
466 4.66 0.07489360878759044
467 4.67 0.0640840892362462
468 4.68 0.053285153701210675
469 4.69 0.04249717496895755
470 4.7 0.03172052463094133
471 4.71 0.02095557300259543
472 4.72 0.010202689175173418
473 4.73 -0.0005377590763941953
474 4.74 -0.01126540519186392
475 4.75 -0.02197988394823369
476 4.76 -0.032680831358959495
477 4.7700000000000005 -0.04336788476155107
478 4.78 -0.054040682788468075
479 4.79 -0.06469886537604452
480 4.8 -0.07534207377966595
481 4.8100000000000005 -0.08596995055927437
482 4.82 -0.09658213963433582
483 4.83 -0.10717828622802017
484 4.84 -0.11775803693268472
485 4.8500000000000005 -0.12832103966468367
486 4.86 -0.13886694369830366
487 4.87 -0.14939539967997462
488 4.88 -0.15990605961223991
489 4.89 -0.17039857689064775
490 4.9 -0.1808726062573669
491 4.91 -0.19132780385751857
492 4.92 -0.20176382723508368
493 4.93 -0.212180335338644
494 4.94 -0.22257698846891572
495 4.95 -0.2329534484122746
496 4.96 -0.2433093783058098
497 4.97 -0.25364444274845255
498 4.98 -0.26395830776073126
499 4.99 -0.27425064075521277
500 5.0 -0.2845211106588863
501 5.01 -0.29476938775724193
502 5.0200000000000005 -0.3049951438479752
503 5.03 -0.3151980521734572
504 5.04 -0.32537778740783097
505 5.05 -0.33553402571726565
506 5.0600000000000005 -0.34566644470953634
507 5.07 -0.3557747235226998
508 5.08 -0.36585854273596397
509 5.09 -0.3759175844036804
510 5.1000000000000005 -0.3859515321167919
511 5.11 -0.39596007090875673
512 5.12 -0.40594288736161843
513 5.13 -0.41589966953279145
514 5.14 -0.42583010702298907
515 5.15 -0.43573389090624914
516 5.16 -0.44561071382503314
517 5.17 -0.45546026990143673
518 5.18 -0.4652822548255813
519 5.19 -0.4750763657868333
520 5.2 -0.4848423015574781
521 5.21 -0.49457976242507584
522 5.22 -0.5042884502046263
523 5.23 -0.513968068298027
524 5.24 -0.5236183216879908
525 5.25 -0.5332389168577265
526 5.26 -0.5428295618781362
527 5.2700000000000005 -0.5523899664032683
528 5.28 -0.5619198416516724
529 5.29 -0.5714189004252148
530 5.3 -0.5808868570867958
531 5.3100000000000005 -0.5903234276083822
532 5.32 -0.5997283295699845
533 5.33 -0.6091012820751871
534 5.34 -0.6184420058935416
535 5.3500000000000005 -0.6277502233573387
536 5.36 -0.6370256584155527
537 5.37 -0.6462680366205404
538 5.38 -0.6554770851579974
539 5.39 -0.6646525328076791
540 5.4 -0.6737941099577824
541 5.41 -0.6829015486477488
542 5.42 -0.6919745825146038
543 5.43 -0.7010129468447417
544 5.44 -0.7100163785377731
545 5.45 -0.7189846161599576
546 5.46 -0.727917399882017
547 5.47 -0.7368144715391054
548 5.48 -0.7456755745940313
549 5.49 -0.7545004541410094
550 5.5 -0.7632888569893908
551 5.51 -0.7720405315392895
552 5.5200000000000005 -0.780755227888676
553 5.53 -0.7894326977496462
554 5.54 -0.7980726945318679
555 5.55 -0.8066749733083043
556 5.5600000000000005 -0.815239290811121
557 5.57 -0.8237654054281052
558 5.58 -0.8322530772513801
559 5.59 -0.8407020680334085
560 5.6000000000000005 -0.8491121411798304
561 5.61 -0.8574830618088072
562 5.62 -0.8658145967272617
563 5.63 -0.8741065143989317
564 5.64 -0.8823585849999063
565 5.65 -0.8905705803459227
566 5.66 -0.8987422740254942
567 5.67 -0.9068734412547883
568 5.68 -0.9149638589777851
569 5.69 -0.9230133058151182
570 5.7 -0.9310215621203497
571 5.71 -0.9389884099120991
572 5.72 -0.9469136329300909
573 5.73 -0.9547970166177606
574 5.74 -0.9626383481564744
575 5.75 -0.9704374163800935
576 5.76 -0.9781940118591024
577 5.7700000000000005 -0.9859079269016888
578 5.78 -0.9935789555038923
579 5.79 -1.0012068933841647
580 5.8 -1.0087915379726269
581 5.8100000000000005 -1.0163326884265302
582 5.82 -1.0238301456391241
583 5.83 -1.0312837121847451
584 5.84 -1.0386931923978864
585 5.8500000000000005 -1.0460583923556328
586 5.86 -1.0533791197897813
587 5.87 -1.0606551842276417
588 5.88 -1.067886396895119
589 5.89 -1.0750725707536617
590 5.9 -1.0822135205155519
591 5.91 -1.089309062584391
592 5.92 -1.0963590151350218
593 5.93 -1.1033631980631071
594 5.94 -1.1103214329889397
595 5.95 -1.117233543284101
596 5.96 -1.1240993540676527
597 5.97 -1.1309186921639593
598 5.98 -1.1376913861702178
599 5.99 -1.1444172663899508
600 6.0 -1.1510961649089495
601 6.01 -1.1577279155253564
602 6.0200000000000005 -1.1643123537771771
603 6.03 -1.1708493169647909
604 6.04 -1.17733864409945
605 6.05 -1.1837801759829745
606 6.0600000000000005 -1.190173755118849
607 6.07 -1.1965192257787294
608 6.08 -1.2028164339741352
609 6.09 -1.2090652274624745
610 6.1000000000000005 -1.2152654557268079
611 6.11 -1.2214169700295088
612 6.12 -1.227519623355306
613 6.13 -1.233573270454258
614 6.140000000000001 -1.2395777678098057
615 6.15 -1.2455329736554859
616 6.16 -1.2514387479535571
617 6.17 -1.2572949524660544
618 6.18 -1.2631014506213205
619 6.19 -1.2688581076874925
620 6.2 -1.2745647905902615
621 6.21 -1.2802213680753312
622 6.22 -1.2858277105840443
623 6.23 -1.2913836903293259
624 6.24 -1.296889181273059
625 6.25 -1.3023440590853852
626 6.26 -1.3077482012628252
627 6.2700000000000005 -1.3131014869352384
628 6.28 -1.3184037970904683
629 6.29 -1.3236550143770955
630 6.3 -1.3288550232219905
631 6.3100000000000005 -1.3340037098062112
632 6.32 -1.3391009620158911
633 6.33 -1.3441466695306872
634 6.34 -1.3491407237356725
635 6.3500000000000005 -1.3540830177619227
636 6.36 -1.3589734464989078
637 6.37 -1.3638119065462888
638 6.38 -1.3685982962769003
639 6.390000000000001 -1.373332515773427
640 6.4 -1.3780144668804724
641 6.41 -1.3826440531728394
642 6.42 -1.3872211799239267
643 6.43 -1.3917457541959948
644 6.44 -1.3962176847735464
645 6.45 -1.4006368821461592
646 6.46 -1.405003258572492
647 6.47 -1.4093167279971794
648 6.48 -1.4135772061501939
649 6.49 -1.417784610451804
650 6.5 -1.4219388600516822
651 6.51 -1.4260398758261772
652 6.5200000000000005 -1.4300875804093494
653 6.53 -1.434081898135446
654 6.54 -1.4380227550384461
655 6.55 -1.4419100789134518
656 6.5600000000000005 -1.4457437992484756
657 6.57 -1.4495238472641176
658 6.58 -1.4532501559048114
659 6.59 -1.4569226597982379
660 6.6000000000000005 -1.4605412953416135
661 6.61 -1.4641060005757254
662 6.62 -1.467616715323743
663 6.63 -1.471073381059
664 6.640000000000001 -1.4744759409966264
665 6.65 -1.477824340059783
666 6.66 -1.4811185248497623
667 6.67 -1.484358443701808
668 6.68 -1.4875440466240661
669 6.69 -1.4906752853422631
670 6.7 -1.4937521132908387
671 6.71 -1.4967744855621277
672 6.72 -1.4997423589788923
673 6.73 -1.5026556920440726
674 6.74 -1.505514444948517
675 6.75 -1.5083185795617737
676 6.76 -1.5110680594552832
677 6.7700000000000005 -1.51376284988919
678 6.78 -1.5164029177858538
679 6.79 -1.518988231750086
680 6.8 -1.5215187620858615
681 6.8100000000000005 -1.5239944807516395
682 6.82 -1.5264153613866256
683 6.83 -1.5287813793150917
684 6.84 -1.5310925114994234
685 6.8500000000000005 -1.533348736594121
686 6.86 -1.5355500349098747
687 6.87 -1.5376963884154975
688 6.88 -1.5397877807317855
689 6.890000000000001 -1.5418241971863154
690 6.9 -1.5438056246986207
691 6.91 -1.5457320518626148
692 6.92 -1.5476034689327207
693 6.93 -1.5494198678142084
694 6.94 -1.5511812420464821
695 6.95 -1.5528875867872785
696 6.96 -1.5545388988761033
697 6.97 -1.5561351767933047
698 6.98 -1.5576764206073221
699 6.99 -1.5591626320551768
700 7.0 -1.560593814491881
701 7.01 -1.5619699728897558
702 7.0200000000000005 -1.5632911138751524
703 7.03 -1.5645572456568289
704 7.04 -1.56576837808052
705 7.05 -1.566924522626664
706 7.0600000000000005 -1.56802569234776
707 7.07 -1.5690719019312382
708 7.08 -1.5700631676568264
709 7.09 -1.5709995074413428
710 7.1000000000000005 -1.571880940756614
711 7.11 -1.572707488702349
712 7.12 -1.5734791739540697
713 7.13 -1.5741960207966486
714 7.140000000000001 -1.5748580550935003
715 7.15 -1.575465304297154
716 7.16 -1.5760177974194676
717 7.17 -1.5765155651130272
718 7.18 -1.576958639521763
719 7.19 -1.5773470544362453
720 7.2 -1.5776808451587385
721 7.21 -1.5779600486132495
722 7.22 -1.5781847032262704
723 7.23 -1.5783548490290968
724 7.24 -1.57847052761133
725 7.25 -1.5785317820723321
726 7.26 -1.5785386570986475
727 7.2700000000000005 -1.5784911989123884
728 7.28 -1.5783894552555466
729 7.29 -1.578233475468096
730 7.3 -1.5780233103646424
731 7.3100000000000005 -1.5777590123198024
732 7.32 -1.5774406352239794
733 7.33 -1.5770682344991656
734 7.34 -1.57664186710781
735 7.3500000000000005 -1.5761615914981348
736 7.36 -1.5756274676271005
737 7.37 -1.575039557013497
738 7.38 -1.5743979226175497
739 7.390000000000001 -1.5737026289619962
740 7.4 -1.57295374202306
741 7.41 -1.5721513293017324
742 7.42 -1.571295459760563
743 7.43 -1.5703862038886882
744 7.44 -1.5694236336202039
745 7.45 -1.5684078224049927
746 7.46 -1.5673388451315304
747 7.47 -1.5662167781989638
748 7.48 -1.5650416994482157
749 7.49 -1.563813688186201
750 7.5 -1.5625328251912833
751 7.51 -1.5611991926904238
752 7.5200000000000005 -1.5598128743715733
753 7.53 -1.5583739553690066
754 7.54 -1.5568825222511578
755 7.55 -1.5553386630363093
756 7.5600000000000005 -1.5537424671657618
757 7.57 -1.5520940255294136
758 7.58 -1.5503934304451832
759 7.59 -1.5486407756432072
760 7.6000000000000005 -1.5468361562610653
761 7.61 -1.5449796688886863
762 7.62 -1.5430714115072988
763 7.63 -1.5411114834879527
764 7.640000000000001 -1.5390999856365397
765 7.65 -1.5370370201193282
766 7.66 -1.534922690548342
767 7.67 -1.5327571018688104
768 7.68 -1.530540360431246
769 7.69 -1.528272573991103
770 7.7 -1.5259538516678504
771 7.71 -1.5235843039259862
772 7.72 -1.5211640426197164
773 7.73 -1.518693180968512
774 7.74 -1.516171833552562
775 7.75 -1.5136001163025412
776 7.76 -1.510978146477214
777 7.7700000000000005 -1.5083060427069768
778 7.78 -1.505583924976463
779 7.79 -1.5028119145490564
780 7.8 -1.4999901340790984
781 7.8100000000000005 -1.4971187075119587
782 7.82 -1.4941977601248482
783 7.83 -1.4912274185234082
784 7.84 -1.4882078106053314
785 7.8500000000000005 -1.4851390655862815
786 7.86 -1.4820213139989846
787 7.87 -1.4788546876430928
788 7.88 -1.4756393196383897
789 7.890000000000001 -1.4723753443935266
790 7.9 -1.469062897582262
791 7.91 -1.4657021161631292
792 7.92 -1.4622931383786408
793 7.930000000000001 -1.4588361037491495
794 7.94 -1.455331153037946
795 7.95 -1.4517784282755883
796 7.96 -1.448178072756832
797 7.97 -1.4445302309970884
798 7.98 -1.440835048812346
799 7.99 -1.4370926732012776
800 8.0 -1.4333032524343707
801 8.01 -1.429466935977075
802 8.02 -1.4255838745704068
803 8.03 -1.4216542201387483
804 8.040000000000001 -1.4176781258281608
805 8.05 -1.4136557460097947
806 8.06 -1.4095872362216824
807 8.07 -1.405472753244453
808 8.08 -1.4013124550440352
809 8.09 -1.3971065007438028
810 8.1 -1.3928550507089312
811 8.11 -1.3885582664318008
812 8.120000000000001 -1.38421631059407
813 8.13 -1.3798293470638328
814 8.14 -1.3753975408551469
815 8.15 -1.3709210581421303
816 8.16 -1.3664000662619173
817 8.17 -1.361834733691012
818 8.18 -1.357225230050858
819 8.19 -1.3525717260973806
820 8.2 -1.3478743937365607
821 8.21 -1.343133405978051
822 8.22 -1.33834893694916
823 8.23 -1.333521161921226
824 8.24 -1.3286502572624386
825 8.25 -1.3237364004335177
826 8.26 -1.3187797700221608
827 8.27 -1.3137805456983642
828 8.28 -1.308738908202372
829 8.290000000000001 -1.3036550393730977
830 8.3 -1.2985291221448279
831 8.31 -1.2933613405192546
832 8.32 -1.2881518795156808
833 8.33 -1.2829009252916421
834 8.34 -1.277608665003072
835 8.35 -1.2722752868991165
836 8.36 -1.2669009802378923
837 8.370000000000001 -1.2614859353244583
838 8.38 -1.2560303435311653
839 8.39 -1.2505343972244418
840 8.4 -1.2449982897907148
841 8.41 -1.2394222156755177
842 8.42 -1.2338063702788986
843 8.43 -1.2281509500459151
844 8.44 -1.2224561524174078
845 8.45 -1.2167221758116966
846 8.46 -1.2109492196639167
847 8.47 -1.2051374843562144
848 8.48 -1.1992871712951683
849 8.49 -1.19339848280174
850 8.5 -1.1874716222217785
851 8.51 -1.1815067938262018
852 8.52 -1.1755042028536309
853 8.53 -1.1694640554881062
854 8.540000000000001 -1.163386558827483
855 8.55 -1.15727192097836
856 8.56 -1.1511203509190864
857 8.57 -1.1449320585610394
858 8.58 -1.1387072547521484
859 8.59 -1.132446151269619
860 8.6 -1.1261489607426256
861 8.61 -1.1198158967731615
862 8.620000000000001 -1.1134471737905187
863 8.63 -1.107043007182142
864 8.64 -1.1006036131716428
865 8.65 -1.094129208862114
866 8.66 -1.0876200122739874
867 8.67 -1.0810762422535163
868 8.68 -1.0744981185015376
869 8.69 -1.0678858616264506
870 8.700000000000001 -1.0612396930313253
871 8.71 -1.0545598349812053
872 8.72 -1.0478465105861687
873 8.73 -1.0410999437872306
874 8.74 -1.0343203593409953
875 8.75 -1.0275079828230673
876 8.76 -1.0206630406285058
877 8.77 -1.0137857599576137
878 8.78 -1.0068763688161653
879 8.790000000000001 -0.9999350959949425
880 8.8 -0.9929621710876972
881 8.81 -0.9859578244472686
882 8.82 -0.9789222872350365
883 8.83 -0.971855791354983
884 8.84 -0.9647585694941654
885 8.85 -0.957630855095772
886 8.86 -0.9504728823266078
887 8.870000000000001 -0.9432848861539469
888 8.88 -0.9360671022482165
889 8.89 -0.9288197669978899
890 8.9 -0.9215431175608728
891 8.91 -0.9142373918125486
892 8.92 -0.906902828301213
893 8.93 -0.8995396663145812
894 8.94 -0.8921481458422704
895 8.950000000000001 -0.8847285075862601
896 8.96 -0.8772809929042751
897 8.97 -0.8698058438542375
898 8.98 -0.8623033031805107
899 8.99 -0.8547736142846816
900 9.0 -0.847217021258075
901 9.01 -0.8396337688024005
902 9.02 -0.832024102336959
903 9.03 -0.8243882678825685
904 9.040000000000001 -0.8167265120998763
905 9.05 -0.8090390823170992
906 9.06 -0.8013262264522609
907 9.07 -0.7935881930663982
908 9.08 -0.7858252313355933
909 9.09 -0.7780375910537032
910 9.1 -0.7702255225806312
911 9.11 -0.7623892769026952
912 9.120000000000001 -0.7545291055935195
913 9.13 -0.7466452607948213
914 9.14 -0.7387379952530182
915 9.15 -0.7308075622428305
916 9.16 -0.7228542156611866
917 9.17 -0.714878209913195
918 9.18 -0.7068797999633034
919 9.19 -0.6988592413406423
920 9.200000000000001 -0.6908167901141269
921 9.21 -0.6827527028552822
922 9.22 -0.6746672366806479
923 9.23 -0.6665606492368852
924 9.24 -0.6584331986624647
925 9.25 -0.6502851436197261
926 9.26 -0.6421167432450829
927 9.27 -0.6339282572163256
928 9.28 -0.6257199456429134
929 9.290000000000001 -0.6174920691470334
930 9.3 -0.6092448888385888
931 9.31 -0.6009786662359602
932 9.32 -0.5926936634009508
933 9.33 -0.5843901427820128
934 9.34 -0.5760683673029234
935 9.35 -0.5677286003386826
936 9.36 -0.5593711056883421
937 9.370000000000001 -0.5509961475705722
938 9.38 -0.5426039906368487
939 9.39 -0.5341948999590613
940 9.4 -0.5257691410006373
941 9.41 -0.5173269796507611
942 9.42 -0.5088686821912916
943 9.43 -0.5003945152618599
944 9.44 -0.4919047459338799
945 9.450000000000001 -0.48339964160800264
946 9.46 -0.4748794700996086
947 9.47 -0.4663444995513828
948 9.48 -0.4577949984671932
949 9.49 -0.4492312357394894
950 9.5 -0.44065348054323294
951 9.51 -0.43206200244424053
952 9.52 -0.42345707131767085
953 9.53 -0.4148389573390432
954 9.540000000000001 -0.40620793105244957
955 9.55 -0.3975642632617564
956 9.56 -0.3889082251148466
957 9.57 -0.3802400880390451
958 9.58 -0.37156012373066005
959 9.59 -0.3628686042178515
960 9.6 -0.3541658017715008
961 9.61 -0.345451988942159
962 9.620000000000001 -0.33672743855970566
963 9.63 -0.32799242367696024
964 9.64 -0.3192472176313004
965 9.65 -0.3104920940002103
966 9.66 -0.3017273265732001
967 9.67 -0.2929531894124011
968 9.68 -0.2841699567657088
969 9.69 -0.2753779031176009
970 9.700000000000001 -0.266577303166855
971 9.71 -0.2577684318119964
972 9.72 -0.2489515641422031
973 9.73 -0.2401269754544728
974 9.74 -0.23129494120598793
975 9.75 -0.22245573706538835
976 9.76 -0.21360963884058037
977 9.77 -0.20475692253398847
978 9.78 -0.1958978642759348
979 9.790000000000001 -0.18703274037738993
980 9.8 -0.17816182725948693
981 9.81 -0.16928540153128324
982 9.82 -0.1604037398786886
983 9.83 -0.15151711916087152
984 9.84 -0.14262581630396198
985 9.85 -0.1337301083976854
986 9.86 -0.12483027259600021
987 9.870000000000001 -0.11592658617553298
988 9.88 -0.1070193265012449
989 9.89 -0.09810877101654114
990 9.9 -0.0891951972306515
991 9.91 -0.08027888276228623
992 9.92 -0.07136010525778147
993 9.93 -0.062439142425319005
994 9.94 -0.05351627204936449
995 9.950000000000001 -0.04459177193791675
996 9.96 -0.03566591993887869
997 9.97 -0.026738993946651135
998 9.98 -0.017811271858136024
999 9.99 -0.008883031609798309
1000 10.0 4.544887815427501e-05
1001 10.01 0.008973891648224708
1002 10.02 0.017902018761333238
1003 10.03 0.026829552298409
1004 10.040000000000001 0.03575621434004006
1005 10.05 0.04468172698523176
1006 10.06 0.05360581236561757
1007 10.07 0.06252819266512688
1008 10.08 0.07144859010247728
1009 10.09 0.08036672691969216
1010 10.1 0.08928232543780723
1011 10.11 0.09819510805050413
1012 10.120000000000001 0.10710479719398336
1013 10.13 0.11601111538595887
1014 10.14 0.12491378524907759
1015 10.15 0.13381252947056055
1016 10.16 0.1427070708342626
1017 10.17 0.1515971322551195
1018 10.18 0.16048243669547446
1019 10.19 0.16936270731605418
1020 10.200000000000001 0.17823766733852153
1021 10.21 0.18710704011243706
1022 10.22 0.19597054917085188
1023 10.23 0.20482791813697077
1024 10.24 0.21367887083010828
1025 10.25 0.2225231311801963
1026 10.26 0.2313604233057731
1027 10.27 0.24019047149374728
1028 10.28 0.24901300019178052
1029 10.290000000000001 0.2578277340551267
1030 10.3 0.26663439790752363
1031 10.31 0.2754327167513111
1032 10.32 0.2842224158347335
1033 10.33 0.29300322060453254
1034 10.34 0.3017748566701357
1035 10.35 0.3105370499417859
1036 10.36 0.3192895265012794
1037 10.370000000000001 0.32803201269496185
1038 10.38 0.3367642350860933
1039 10.39 0.34548592052078675
1040 10.4 0.3541967960779857
1041 10.41 0.362896589093225
1042 10.42 0.37158502717295505
1043 10.43 0.38026183821739323
1044 10.44 0.3889267503866449
1045 10.450000000000001 0.3975794921486795
1046 10.46 0.4062197922505675
1047 10.47 0.4148473797383758
1048 10.48 0.42346198398286106
1049 10.49 0.43206333466480373
1050 10.5 0.44065116177011987
1051 10.51 0.4492251956301061
1052 10.52 0.45778516689472326
1053 10.53 0.46633080659512416
1054 10.540000000000001 0.47486184604713344
1055 10.55 0.48337801695254257
1056 10.56 0.49187905140820476
1057 10.57 0.5003646818167908
1058 10.58 0.5088346409795577
1059 10.59 0.5172886621018051
1060 10.6 0.5257264787272788
1061 10.61 0.5341478248559497
1062 10.620000000000001 0.5425524348254385
1063 10.63 0.5509400434139025
1064 10.64 0.5593103858240056
1065 10.65 0.5676631976164117
1066 10.66 0.5759982148638301
1067 10.67 0.5843151740101575
1068 10.68 0.592613811952674
1069 10.69 0.6008938660614831
1070 10.700000000000001 0.6091550741076617
1071 10.71 0.6173971743468201
1072 10.72 0.6256199055424077
1073 10.73 0.6338230068529356
1074 10.74 0.6420062179441857
1075 10.75 0.6501692790053539
1076 10.76 0.6583119306503704
1077 10.77 0.6664339140565971
1078 10.78 0.6745349708395452
1079 10.790000000000001 0.6826148431815682
1080 10.8 0.6906732737458015
1081 10.81 0.6987100057325506
1082 10.82 0.7067247828719019
1083 10.83 0.7147173494341814
1084 10.84 0.7226874502098326
1085 10.85 0.7306348305695565
1086 10.86 0.7385592364211107
1087 10.870000000000001 0.746460414208741
1088 10.88 0.75433811101027
1089 10.89 0.7621920744199997
1090 10.9 0.7700220526368184
1091 10.91 0.7778277944315732
1092 10.92 0.7856090491761734
1093 10.93 0.7933655668630308
1094 10.94 0.801097098070386
1095 10.950000000000001 0.808803393961739
1096 10.96 0.8164842063788456
1097 10.97 0.8241392877449698
1098 10.98 0.8317683911178619
1099 10.99 0.839371270222955
1100 11.0 0.8469476793992499
1101 11.01 0.8544973736312613
1102 11.02 0.8620201085925601
1103 11.03 0.869515640587224
1104 11.040000000000001 0.8769837266002014
1105 11.05 0.8844241243016313
1106 11.06 0.8918365920188762
1107 11.07 0.8992208888088271
1108 11.08 0.9065767743679771
1109 11.09 0.9139040091271227
1110 11.1 0.921202354230445
1111 11.11 0.9284715714993581
1112 11.120000000000001 0.9357114234992423
1113 11.13 0.9429216735275077
1114 11.14 0.9501020855849447
1115 11.15 0.9572524244439364
1116 11.16 0.9643724555816107
1117 11.17 0.9714619452419129
1118 11.18 0.9785206604478844
1119 11.19 0.985548368939817
1120 11.200000000000001 0.9925448392507406
1121 11.21 0.9995098407082423
1122 11.22 1.006443143374554
1123 11.23 1.0133445181087382
1124 11.24 1.020213736599544
1125 11.25 1.0270505713032207
1126 11.26 1.0338547954713704
1127 11.27 1.0406261831814163
1128 11.28 1.0473645093209143
1129 11.290000000000001 1.0540695496140415
1130 11.3 1.0607410805845348
1131 11.31 1.0673788796187864
1132 11.32 1.0739827249309428
1133 11.33 1.0805523955837089
1134 11.34 1.087087671485392
1135 11.35 1.0935883334153687
1136 11.36 1.1000541629970257
1137 11.370000000000001 1.1064849427290255
1138 11.38 1.1128804560224808
1139 11.39 1.1192404871130748
1140 11.4 1.1255648211590596
1141 11.41 1.1318532442106743
1142 11.42 1.1381055431905907
1143 11.43 1.144321505963262
1144 11.44 1.150500921293201
1145 11.450000000000001 1.1566435788384979
1146 11.46 1.1627492692118722
1147 11.47 1.1688177839401988
1148 11.48 1.1748489154684876
1149 11.49 1.1808424572222975
1150 11.5 1.1867982035421392
1151 11.51 1.1927159497085995
1152 11.52 1.1985954920028234
1153 11.53 1.2044366276189749
1154 11.540000000000001 1.2102391547703064
1155 11.55 1.2160028726103747
1156 11.56 1.2217275812683965
1157 11.57 1.2274130818944968
1158 11.58 1.2330591766068437
1159 11.59 1.2386656684983564
1160 11.6 1.2442323617293596
1161 11.61 1.2497590613820648
1162 11.620000000000001 1.255245573647585
1163 11.63 1.260691705661884
1164 11.64 1.2660972656159402
1165 11.65 1.2714620627323256
1166 11.66 1.2767859072621377
1167 11.67 1.28206861049307
1168 11.68 1.2873099847914773
1169 11.69 1.292509843549965
1170 11.700000000000001 1.2976680012175166
1171 11.71 1.3027842733165471
1172 11.72 1.3078584764436982
1173 11.73 1.3128904282557414
1174 11.74 1.3178799474987954
1175 11.75 1.3228268540065073
1176 11.76 1.327730968712899
1177 11.77 1.3325921136037095
1178 11.78 1.3374101118442923
1179 11.790000000000001 1.3421847876293214
1180 11.8 1.346915966312281
1181 11.81 1.3516034743496448
1182 11.82 1.3562471393232727
1183 11.83 1.3608467899522338
1184 11.84 1.3654022560729118
1185 11.85 1.3699133686769756
1186 11.86 1.3743799598956912
1187 11.870000000000001 1.378801862991054
1188 11.88 1.3831789124193392
1189 11.89 1.3875109437711899
1190 11.9 1.391797793798787
1191 11.91 1.3960393004285834
1192 11.92 1.4002353027736945
1193 11.93 1.4043856411188926
1194 11.94 1.4084901569530075
1195 11.950000000000001 1.4125486929189037
1196 11.96 1.4165610928870365
1197 11.97 1.4205272019245285
1198 11.98 1.424446866290964
1199 11.99 1.4283199334689698
1200 12.0 1.4321462521680814
1201 12.01 1.435925672284725
1202 12.02 1.4396580449875955
1203 12.030000000000001 1.443343222626595
1204 12.040000000000001 1.4469810588366272
1205 12.05 1.4505714084733654
1206 12.06 1.4541141276272356
1207 12.07 1.4576090736426295
1208 12.08 1.4610561051395052
1209 12.09 1.464455081991673
1210 12.1 1.4678058653324797
1211 12.11 1.4711083175728845
1212 12.120000000000001 1.474362302361783
1213 12.13 1.4775676847043542
1214 12.14 1.4807243308322313
1215 12.15 1.4838321082668244
1216 12.16 1.486890885869684
1217 12.17 1.4899005337360904
1218 12.18 1.4928609233363659
1219 12.19 1.4957719273909333
1220 12.200000000000001 1.49863341996695
1221 12.21 1.5014452764414727
1222 12.22 1.5042073735197619
1223 12.23 1.5069195892085645
1224 12.24 1.509581802877392
1225 12.25 1.512193895222481
1226 12.26 1.5147557482827096
1227 12.27 1.5172672454365284
1228 12.280000000000001 1.51972827138286
1229 12.290000000000001 1.5221387122664964
1230 12.3 1.5244984554983603
1231 12.31 1.526807389885903
1232 12.32 1.5290654056121866
1233 12.33 1.5312723942329285
1234 12.34 1.5334282486620623
1235 12.35 1.535532863209255
1236 12.36 1.5375861335784293
1237 12.370000000000001 1.539587956835362
1238 12.38 1.541538231474874
1239 12.39 1.543436857353072
1240 12.4 1.545283735771818
1241 12.41 1.5470787693891452
1242 12.42 1.5488218623229386
1243 12.43 1.5505129200770398
1244 12.44 1.5521518495688724
1245 12.450000000000001 1.5537385591746897
1246 12.46 1.5552729586731857
1247 12.47 1.556754959278578
1248 12.48 1.5581844736284438
1249 12.49 1.5595614158422677
1250 12.5 1.5608857014332216
1251 12.51 1.5621572473992273
1252 12.52 1.5633759721570186
1253 12.530000000000001 1.5645417956230858
1254 12.540000000000001 1.5656546391261372
1255 12.55 1.5667144255063477
1256 12.56 1.5677210790383924
1257 12.57 1.5686745254837433
1258 12.58 1.5695746920754345
1259 12.59 1.5704215075187449
1260 12.6 1.57121490202519
1261 12.61 1.5719548072661382
1262 12.620000000000001 1.5726411564248792
1263 12.63 1.5732738841625178
1264 12.64 1.573852926661857
1265 12.65 1.5743782215823785
1266 12.66 1.5748497081126516
1267 12.67 1.5752673269158777
1268 12.68 1.5756310202260693
1269 12.69 1.575940731743799
1270 12.700000000000001 1.5761964067074814
1271 12.71 1.576397991886438
1272 12.72 1.5765454355612292
1273 12.73 1.5766386875409353
1274 12.74 1.5766776992226141
1275 12.75 1.5766624234699975
1276 12.76 1.5765928147179693
1277 12.77 1.5764688289569904
1278 12.780000000000001 1.5762904237168414
1279 12.790000000000001 1.5760575580693512
1280 12.8 1.5757701926698928
1281 12.81 1.5754282896821223
1282 12.82 1.5750318128965546
1283 12.83 1.5745807276279038
1284 12.84 1.5740750007208817
1285 12.85 1.5735146007099274
1286 12.86 1.5728994975858086
1287 12.870000000000001 1.5722296629675157
1288 12.88 1.571505070068497
1289 12.89 1.5707256936364047
1290 12.9 1.5698915100645081
1291 12.91 1.5690024973044956
1292 12.92 1.5680586348889847
1293 12.93 1.567059903984159
1294 12.94 1.5660062873276956
1295 12.950000000000001 1.5648977692572998
1296 12.96 1.56373433576357
1297 12.97 1.5625159743492532
1298 12.98 1.561242674223422
1299 12.99 1.5599144261756237
1300 13.0 1.558531222582701
1301 13.01 1.5570930574939439
1302 13.02 1.5555999265252467
1303 13.030000000000001 1.5540518269659742
1304 13.040000000000001 1.5524487577015407
1305 13.05 1.5507907192624089
1306 13.06 1.5490777138040812
1307 13.07 1.5473097451260855
1308 13.08 1.545486818657423
1309 13.09 1.54360894145168
1310 13.1 1.541676122261947
1311 13.11 1.5396883714355454
1312 13.120000000000001 1.537645700972348
1313 13.13 1.53554812454297
1314 13.14 1.5333956574730792
1315 13.15 1.5311883167095175
1316 13.16 1.5289261208802145
1317 13.17 1.526609090281113
1318 13.18 1.5242372468618441
1319 13.19 1.5218106142481247
1320 13.200000000000001 1.51932921770333
1321 13.21 1.5167930841660109
1322 13.22 1.5142022422995751
1323 13.23 1.511556722376099
1324 13.24 1.508856556350679
1325 13.25 1.5061017778889436
1326 13.26 1.503292422321465
1327 13.27 1.500428526651035
1328 13.280000000000001 1.4975101295689228
1329 13.290000000000001 1.4945372714581708
1330 13.3 1.4915099944092844
1331 13.31 1.488428342127122
1332 13.32 1.4852923601047223
1333 13.33 1.4821020954681217
1334 13.34 1.478857597038882
1335 13.35 1.4755589153812707
1336 13.36 1.4722061027162
1337 13.370000000000001 1.4687992129569238
1338 13.38 1.4653383017569013
1339 13.39 1.4618234264542025
1340 13.4 1.458254646088676
1341 13.41 1.4546320214088837
1342 13.42 1.450955614853001
1343 13.43 1.447225490636356
1344 13.44 1.4434417146153464
1345 13.450000000000001 1.4396043543655423
1346 13.46 1.4357134792163606
1347 13.47 1.4317691601946763
1348 13.48 1.427771470010157
1349 13.49 1.4237204831587178
1350 13.5 1.4196162758031505
1351 13.51 1.4154589258365604
1352 13.52 1.4112485128871413
1353 13.530000000000001 1.40698511828964
1354 13.540000000000001 1.402668825133901
1355 13.55 1.3982997182093868
1356 13.56 1.3938778840087025
1357 13.57 1.3894034108170672
1358 13.58 1.3848763885961262
1359 13.59 1.3802969090590977
1360 13.6 1.3756650656434886
1361 13.61 1.3709809535133672
1362 13.620000000000001 1.3662446695764174
1363 13.63 1.3614563124702954
1364 13.64 1.35661598256263
1365 13.65 1.3517237819664842
1366 13.66 1.3467798145140932
1367 13.67 1.3417841857672101
1368 13.68 1.3367370030800885
1369 13.69 1.3316383754693106
1370 13.700000000000001 1.3264884137338413
1371 13.71 1.3212872304056873
1372 13.72 1.3160349397514892
1373 13.73 1.3107316577849133
1374 13.74 1.3053775022517584
1375 13.75 1.299972592642689
1376 13.76 1.2945170501811845
1377 13.77 1.2890109978338842
1378 13.780000000000001 1.2834545603179777
1379 13.790000000000001 1.2778478641014317
1380 13.8 1.2721910373609262
1381 13.81 1.26648421004802
1382 13.82 1.2607275138301475
1383 13.83 1.2549210821645147
1384 13.84 1.2490650501760001
1385 13.85 1.2431595548055157
1386 13.86 1.2372047346939326
1387 13.870000000000001 1.2312007302238044
1388 13.88 1.2251476835442645
1389 13.89 1.2190457385491982
1390 13.9 1.2128950408405217
1391 13.91 1.2066957377833205
1392 13.92 1.2004479784978912
1393 13.93 1.1941519138201784
1394 13.94 1.1878076963341755
1395 13.950000000000001 1.1814154803722658
1396 13.96 1.1749754220106752
1397 13.97 1.168487679058444
1398 13.98 1.1619524110577686
1399 13.99 1.1553697793090123
1400 14.0 1.1487399468416015
1401 14.01 1.142063078387764
1402 14.02 1.1353393405053112
1403 14.030000000000001 1.1285689013799356
1404 14.040000000000001 1.1217519310094985
1405 14.05 1.1148886011035302
1406 14.06 1.1079790850999416
1407 14.07 1.101023558195493
1408 14.08 1.0940221972813333
1409 14.09 1.0869751809835861
1410 14.1 1.0798826897344043
1411 14.11 1.0727449055713123
1412 14.120000000000001 1.0655620123492326
1413 14.13 1.0583341956313461
1414 14.14 1.0510616427013701
1415 14.15 1.0437445425749274
1416 14.16 1.0363830859711243
1417 14.17 1.0289774653354016
1418 14.18 1.0215278748860328
1419 14.19 1.0140345104873631
1420 14.200000000000001 1.0064975697736145
1421 14.21 0.9989172520766942
1422 14.22 0.9912937584274459
1423 14.23 0.9836272916246571
1424 14.24 0.9759180561115954
1425 14.25 0.968166258089127
1426 14.26 0.9603721054595553
1427 14.27 0.9525358078147974
1428 14.280000000000001 0.9446575764761747
1429 14.290000000000001 0.9367376244639445
1430 14.3 0.9287761664804748
1431 14.31 0.9207734189507164
1432 14.32 0.9127295999859371
1433 14.33 0.9046449294323793
1434 14.34 0.8965196287416575
1435 14.35 0.8883539211323068
1436 14.36 0.8801480315278241
1437 14.370000000000001 0.8719021864725391
1438 14.38 0.8636166142423463
1439 14.39 0.855291544794909
1440 14.4 0.84692720975454
1441 14.41 0.8385238424161798
1442 14.42 0.8300816777698401
1443 14.43 0.8216009524929859
1444 14.44 0.8130819049086995
1445 14.450000000000001 0.8045247750004592
1446 14.46 0.795929804475918
1447 14.47 0.7872972366448039
1448 14.48 0.7786273164892918
1449 14.49 0.7699202906829896
1450 14.5 0.7611764075255678
1451 14.51 0.7523959169919863
1452 14.52 0.7435790706729222
1453 14.530000000000001 0.7347261218537824
1454 14.540000000000001 0.7258373254078379
1455 14.55 0.716912937916959
1456 14.56 0.7079532175348504
1457 14.57 0.6989584241124476
1458 14.58 0.6899288190745665
1459 14.59 0.6808646655050552
1460 14.6 0.6717662281284902
1461 14.61 0.6626337732820957
1462 14.620000000000001 0.653467568878682
1463 14.63 0.6442678845106684
1464 14.64 0.6350349913532227
1465 14.65 0.6257691621774484
1466 14.66 0.616470671388015
1467 14.67 0.6071397949675656
1468 14.68 0.5977768105277619
1469 14.69 0.5883819972330002
1470 14.700000000000001 0.5789556358479331
1471 14.71 0.5694980087741897
1472 14.72 0.5600093999295268
1473 14.73 0.5504900948252498
1474 14.74 0.54094038060191
1475 14.75 0.5313605458939037
1476 14.76 0.5217508809599849
1477 14.77 0.5121116776027748
1478 14.780000000000001 0.5024432291413632
1479 14.790000000000001 0.49274583054136656
1480 14.8 0.48301977823666675
1481 14.81 0.4732653702346852
1482 14.82 0.4634829061100163
1483 14.83 0.453672686933146
1484 14.84 0.4438350153415058
1485 14.85 0.43397019545886906
1486 14.86 0.4240785329652681
1487 14.870000000000001 0.41416033505640826
1488 14.88 0.4042159104424172
1489 14.89 0.3942455693172633
1490 14.9 0.38424962343731295
1491 14.91 0.3742283859816098
1492 14.92 0.3641821716780669
1493 14.93 0.3541112967322988
1494 14.94 0.344016078840923
1495 14.950000000000001 0.33389683716552554
1496 14.96 0.3237538923480088
1497 14.97 0.313587566476599
1498 14.98 0.3033981831639494
1499 14.99 0.2931860674253812
1500 15.0 0.2829515457577827
1501 15.01 0.27269494607674005
1502 15.02 0.26241659778690973
1503 15.030000000000001 0.25211683168708987
1504 15.040000000000001 0.2417959800245626
1505 15.05 0.23145437647156086
1506 15.06 0.22109235612697375
1507 15.07 0.21071025549645128
1508 15.08 0.2003084124913812
1509 15.09 0.1898871664283206
1510 15.1 0.17944685802035565
1511 15.11 0.16898782938244494
1512 15.120000000000001 0.15851042399856397
1513 15.13 0.14801498672318303
1514 15.14 0.13750186381628282
1515 15.15 0.12697140287571074
1516 15.16 0.1164239528602593
1517 15.17 0.10585986411319936
1518 15.18 0.09527948826030297
1519 15.19 0.08468317834581285
1520 15.200000000000001 0.0740712886916981
1521 15.21 0.0634441749640473
1522 15.22 0.05280219415942611
1523 15.23 0.04214570456565525
1524 15.24 0.03147506579921355
1525 15.25 0.02079063880535159
1526 15.26 0.010092785744859611
1527 15.27 -0.0006181298729188711
1528 15.280000000000001 -0.011341743292177853
1529 15.290000000000001 -0.02207768846722047
1530 15.3 -0.032825598073941364
1531 15.31 -0.043585103576333495
1532 15.32 -0.05435583512121411
1533 15.33 -0.06513742166760039
1534 15.34 -0.07592949093555035
1535 15.35 -0.08673166937091992
1536 15.36 -0.09754358224813586
1537 15.370000000000001 -0.10836485359709513
1538 15.38 -0.11919510624738905
1539 15.39 -0.13003396185615657
1540 15.4 -0.14088104083771213
1541 15.41 -0.15173596249508137
1542 15.42 -0.1625983449063142
1543 15.43 -0.17346780496359315
1544 15.44 -0.18434395845122253
1545 15.450000000000001 -0.19522642000629276
1546 15.46 -0.20611480305797159
1547 15.47 -0.21700871995972193
1548 15.48 -0.2279077819154054
1549 15.49 -0.2388115990352162
1550 15.5 -0.24971978029634556
1551 15.51 -0.26063193356890224
1552 15.52 -0.27154766567139177
1553 15.530000000000001 -0.282466582285565
1554 15.540000000000001 -0.2933882880474812
1555 15.55 -0.30431238653613946
1556 15.56 -0.3152384802585857
1557 15.57 -0.3261661706610539
1558 15.58 -0.3370950581880834
1559 15.59 -0.3480247422354523
1560 15.6 -0.3589548211523379
1561 15.610000000000001 -0.36988489228735943
1562 15.620000000000001 -0.3808145520288235
1563 15.63 -0.39174339573753514
1564 15.64 -0.4026710177639643
1565 15.65 -0.4135970115305554
1566 15.66 -0.424520969486025
1567 15.67 -0.43544248310956846
1568 15.68 -0.4463611429160892
1569 15.69 -0.4572765385291859
1570 15.700000000000001 -0.4681882586133952
1571 15.71 -0.47909589094319927
1572 15.72 -0.4899990223516397
1573 15.73 -0.5008972388056918
1574 15.74 -0.5117901253688615
1575 15.75 -0.5226772662173289
1576 15.76 -0.5335582447082743
1577 15.77 -0.5444326433006381
1578 15.780000000000001 -0.555300043612533
1579 15.790000000000001 -0.56616002643716
1580 15.8 -0.5770121717423535
1581 15.81 -0.5878560586629646
1582 15.82 -0.5986912655844208
1583 15.83 -0.6095173700251735
1584 15.84 -0.6203339487777839
1585 15.85 -0.6311405778269545
1586 15.860000000000001 -0.6419368324247898
1587 15.870000000000001 -0.6527222870902278
1588 15.88 -0.6634965155491273
1589 15.89 -0.6742590908158945
1590 15.9 -0.6850095852402092
1591 15.91 -0.6957475704051603
1592 15.92 -0.7064726172479823
1593 15.93 -0.7171842959878632
1594 15.94 -0.7278821761825611
1595 15.950000000000001 -0.7385658267888857
1596 15.96 -0.7492348159806852
1597 15.97 -0.7598887114602348
1598 15.98 -0.7705270802122186
1599 15.99 -0.7811494886032051
1600 16.0 -0.7917555024504281
1601 16.01 -0.8023446869444797
1602 16.02 -0.8129166067185452
1603 16.03 -0.82347082588592
1604 16.04 -0.8340069078985834
1605 16.05 -0.8445244157653633
1606 16.06 -0.855022911957235
1607 16.07 -0.8655019583912917
1608 16.080000000000002 -0.8759611165417027
1609 16.09 -0.8863999473356898
1610 16.1 -0.8968180112780146
1611 16.11 -0.9072148683519572
1612 16.12 -0.917590078171429
1613 16.13 -0.9279431998420478
1614 16.14 -0.9382737920843738
1615 16.15 -0.9485814132061705
1616 16.16 -0.9588656211099078
1617 16.17 -0.9691259733186826
1618 16.18 -0.979362026985882
1619 16.19 -0.9895733389060979
1620 16.2 -0.9997594655446846
1621 16.21 -1.0099199630138855
1622 16.22 -1.0200543871388845
1623 16.23 -1.030162293425974
1624 16.240000000000002 -1.040243237092568
1625 16.25 -1.0502967730969885
1626 16.26 -1.0603224561378966
1627 16.27 -1.070319840625757
1628 16.28 -1.0802884808267663
1629 16.29 -1.0902279307135814
1630 16.3 -1.1001377440685474
1631 16.31 -1.1100174745448612
1632 16.32 -1.1198666755300337
1633 16.330000000000002 -1.1296849003132365
1634 16.34 -1.1394717020789358
1635 16.35 -1.1492266337727415
1636 16.36 -1.1589492483208232
1637 16.37 -1.1686390985133812
1638 16.38 -1.1782957370505756
1639 16.39 -1.1879187165745861
1640 16.4 -1.197507589695249
1641 16.41 -1.2070619089627144
1642 16.42 -1.216581226872222
1643 16.43 -1.2260650959871668
1644 16.44 -1.2355130688377471
1645 16.45 -1.2449246979433042
1646 16.46 -1.2542995359326028
1647 16.47 -1.2636371354537914
1648 16.48 -1.272937049237214
1649 16.490000000000002 -1.2821988300787552
1650 16.5 -1.29142203091277
1651 16.51 -1.3006062047985552
1652 16.52 -1.3097509048484426
1653 16.53 -1.318855684456139
1654 16.54 -1.327920097111928
1655 16.55 -1.336943696464573
1656 16.56 -1.345926036469109
1657 16.57 -1.3548666711657802
1658 16.580000000000002 -1.3637651549480552
1659 16.59 -1.3726210424240435
1660 16.6 -1.3814338884217818
1661 16.61 -1.3902032481441324
1662 16.62 -1.3989286770365652
1663 16.63 -1.407609730885497
1664 16.64 -1.416245965869166
1665 16.65 -1.42483693840785
1666 16.66 -1.433382205387602
1667 16.67 -1.4418813240999384
1668 16.68 -1.45033385215811
1669 16.69 -1.4587393476919033
1670 16.7 -1.467097369251917
1671 16.71 -1.475407475821612
1672 16.72 -1.4836692269019522
1673 16.73 -1.491882182495658
1674 16.740000000000002 -1.5000459031132323
1675 16.75 -1.5081599497726188
1676 16.76 -1.5162238841430167
1677 16.77 -1.5242372683543408
1678 16.78 -1.5321996652131133
1679 16.79 -1.5401106381045793
1680 16.8 -1.5479697510584174
1681 16.81 -1.5557765687520373
1682 16.82 -1.5635306564888651
1683 16.830000000000002 -1.5712315803551178
1684 16.84 -1.5788789070849134
1685 16.85 -1.586472204135589
1686 16.86 -1.5940110397432363
1687 16.87 -1.6014949828938825
1688 16.88 -1.6089236033241718
1689 16.89 -1.6162964716868373
1690 16.9 -1.623613159354818
1691 16.91 -1.6308732385768963
1692 16.92 -1.6380762824810517
1693 16.93 -1.6452218651165254
1694 16.94 -1.65230956135332
1695 16.95 -1.6593389470904754
1696 16.96 -1.6663095990922443
1697 16.97 -1.6732210951341244
1698 16.98 -1.6800730139874531
1699 16.990000000000002 -1.686864935419635
1700 17.0 -1.6935964402263721
1701 17.01 -1.7002671102702038
1702 17.02 -1.7068765284693654
1703 17.03 -1.7134242788866345
1704 17.04 -1.7199099466233179
1705 17.05 -1.7263331180039359
1706 17.06 -1.7326933804540658
1707 17.07 -1.7389903225956118
1708 17.080000000000002 -1.7452235342749418
1709 17.09 -1.751392606533443
1710 17.1 -1.757497131684545
1711 17.11 -1.7635367032911518
1712 17.12 -1.7695109162587528
1713 17.13 -1.7754193667155391
1714 17.14 -1.7812616522236908
1715 17.150000000000002 -1.7870373716615973
1716 17.16 -1.7927461252394323
1717 17.17 -1.7983875146857713
1718 17.18 -1.8039611430666582
1719 17.19 -1.809466614934081
1720 17.2 -1.8149035363218786
1721 17.21 -1.8202715147143067
1722 17.22 -1.8255701591763795
1723 17.23 -1.8307990802720155
1724 17.240000000000002 -1.8359578901815325
1725 17.25 -1.841046202625364
1726 17.26 -1.8460636329514273
1727 17.27 -1.8510097981633749
1728 17.28 -1.855884316952313
1729 17.29 -1.8606868096312041
1730 17.3 -1.865416898244348
1731 17.31 -1.8700742066296243
1732 17.32 -1.8746583603132763
1733 17.330000000000002 -1.879168986626894
1734 17.34 -1.8836057147527754
1735 17.35 -1.8879681756361606
1736 17.36 -1.8922560021315462
1737 17.37 -1.8964688289802325
1738 17.38 -1.9006062928012284
1739 17.39 -1.904668032162931
1740 17.400000000000002 -1.9086536876068863
1741 17.41 -1.9125629016331231
1742 17.42 -1.9163953187764378
1743 17.43 -1.9201505856098606
1744 17.44 -1.9238283507371534
1745 17.45 -1.927428264899902
1746 17.46 -1.9309499808875898
1747 17.47 -1.934393153722624
1748 17.48 -1.9377574404940106
1749 17.490000000000002 -1.9410425005380034
1750 17.5 -1.9442479954398095
1751 17.51 -1.9473735889762338
1752 17.52 -1.9504189471927589
1753 17.53 -1.9533837385014294
1754 17.54 -1.9562676335806373
1755 17.55 -1.9590703054715846
1756 17.56 -1.9617914296419485
1757 17.57 -1.9644306839086312
1758 17.580000000000002 -1.9669877485623033
1759 17.59 -1.9694623063552399
1760 17.6 -1.9718540425059246
1761 17.61 -1.9741626447869862
1762 17.62 -1.9763878035094535
1763 17.63 -1.9785292115500965
1764 17.64 -1.9805865643987772
1765 17.650000000000002 -1.982559560151003
1766 17.66 -1.984447899624513
1767 17.67 -1.9862512862776498
1768 17.68 -1.987969426280472
1769 17.69 -1.9896020286117846
1770 17.7 -1.9911488049541504
1771 17.71 -1.9926094698226393
1772 17.72 -1.9939837406028005
1773 17.73 -1.9952713375024587
1774 17.740000000000002 -1.9964719836078757
1775 17.75 -1.9975854049908435
1776 17.76 -1.9986113306443372
1777 17.77 -1.999549492497124
1778 17.78 -2.000399625592081
1779 17.79 -2.001161467942268
1780 17.8 -2.0018347606217617
1781 17.81 -2.00241924789583
1782 17.82 -2.002914677042156
1783 17.830000000000002 -2.0033207986189154
1784 17.84 -2.003637366339433
1785 17.85 -2.003864137094581
1786 17.86 -2.0040008710968777
1787 17.87 -2.0040473318308614
1788 17.88 -2.0040032860675865
1789 17.89 -2.003868504004174
1790 17.900000000000002 -2.0036427591703045
1791 17.91 -2.00332582847426
1792 17.92 -2.002917492389713
1793 17.93 -2.002417534734775
1794 17.94 -2.0018257429280766
1795 17.95 -2.0011419079153825
1796 17.96 -2.0003658241927837
1797 17.97 -1.9994972898826404
1798 17.98 -1.9985361067612644
1799 17.990000000000002 -1.9974820802564182
1800 18.0 -1.996335019503931
1801 18.01 -1.9950947374181283
1802 18.02 -1.9937610506266878
1803 18.03 -1.9923337796271312
1804 18.04 -1.9908127486949638
1805 18.05 -1.9891977860442012
1806 18.06 -1.9874887237617145
1807 18.07 -1.9856853978559457
1808 18.080000000000002 -1.9837876483530295
1809 18.09 -1.9817953192908817
1810 18.1 -1.979708258687765
1811 18.11 -1.9775263187285077
1812 18.12 -1.9752493556538866
1813 18.13 -1.9728772298628883
1814 18.14 -1.9704098059776243
1815 18.150000000000002 -1.9678469527710831
1816 18.16 -1.9651885433277698
1817 18.17 -1.9624344549832244
1818 18.18 -1.9595845694441891
1819 18.19 -1.9566387727184633
1820 18.2 -1.9535969552717347
1821 18.21 -1.9504590119479985
1822 18.22 -1.947224842078981
1823 18.23 -1.9438943495229069
1824 18.240000000000002 -1.9404674426418183
1825 18.25 -1.9369440344111126
1826 18.26 -1.9333240424008977
1827 18.27 -1.9296073888178285
1828 18.28 -1.9257940006123135
1829 18.29 -1.9218838093818817
1830 18.3 -1.917876751545748
1831 18.31 -1.913772768312981
1832 18.32 -1.9095718057017166
1833 18.330000000000002 -1.9052738146324373
1834 18.34 -1.9008787509425815
1835 18.35 -1.896386575380916
1836 18.36 -1.8917972537357173
1837 18.37 -1.8871107568187142
1838 18.38 -1.8823270604399056
1839 18.39 -1.8774461456031304
1840 18.400000000000002 -1.8724679984225645
1841 18.41 -1.8673926101312759
1842 18.42 -1.8622199773341492
1843 18.43 -1.8569501017349523
1844 18.44 -1.8515829904170573
1845 18.45 -1.846118655831873
1846 18.46 -1.840557115723982
1847 18.47 -1.8348983933357204
1848 18.48 -1.829142517342433
1849 18.490000000000002 -1.8232895218878014
1850 18.5 -1.8173394467241621
1851 18.51 -1.811292337127412
1852 18.52 -1.8051482439807671
1853 18.53 -1.7989072239269603
1854 18.54 -1.7925693391963478
1855 18.55 -1.7861346578079917
1856 18.56 -1.7796032536037103
1857 18.57 -1.7729752062155342
1858 18.580000000000002 -1.7662506011293146
1859 18.59 -1.759429529778231
1860 18.6 -1.7525120895252542
1861 18.61 -1.7454983837286306
1862 18.62 -1.738388521802733
1863 18.63 -1.7311826192012916
1864 18.64 -1.7238807975548411
1865 18.650000000000002 -1.7164831846125423
1866 18.66 -1.708989914345068
1867 18.67 -1.7014011269971263
1868 18.68 -1.6937169690622795
1869 18.69 -1.6859375934012064
1870 18.7 -1.6780631592911561
1871 18.71 -1.6700938323451737
1872 18.72 -1.6620297847030656
1873 18.73 -1.6538711950411766
1874 18.740000000000002 -1.6456182485069348
1875 18.75 -1.6372711369408819
1876 18.76 -1.6288300588072957
1877 18.77 -1.6202952191972315
1878 18.78 -1.6116668300226138
1879 18.79 -1.6029451099500704
1880 18.8 -1.5941302844080383
1881 18.81 -1.5852225858334066
1882 18.82 -1.5762222534427224
1883 18.830000000000002 -1.567129533473917
1884 18.84 -1.5579446792207818
1885 18.85 -1.5486679509456849
1886 18.86 -1.5392996160465202
1887 18.87 -1.529839949108549
1888 18.88 -1.5202892318338002
1889 18.89 -1.5106477532658857
1890 18.900000000000002 -1.5009158096619615
1891 18.91 -1.4910937046120978
1892 18.92 -1.4811817491687407
1893 18.93 -1.4711802617122203
1894 18.94 -1.4610895681805403
1895 18.95 -1.4509100020103745
1896 18.96 -1.4406419041946208
1897 18.97 -1.430285623394866
1898 18.98 -1.4198415159175966
1899 18.990000000000002 -1.4093099457454343
1900 19.0 -1.3986912847240944
1901 19.01 -1.3879859124692757
1902 19.02 -1.3771942164128461
1903 19.03 -1.3663165920082747
1904 19.04 -1.3553534426305305
1905 19.05 -1.3443051796008945
1906 19.06 -1.3331722224509406
1907 19.07 -1.3219549986761763
1908 19.080000000000002 -1.310653944008692
1909 19.09 -1.2992695024910574
1910 19.1 -1.2878021262097832
1911 19.11 -1.276252275806229
1912 19.12 -1.264620420132843
1913 19.13 -1.2529070365124255
1914 19.14 -1.2411126107971882
1915 19.150000000000002 -1.2292376372596152
1916 19.16 -1.2172826188125043
1917 19.17 -1.2052480669981378
1918 19.18 -1.193134502027334
1919 19.19 -1.180942452773479
1920 19.2 -1.1686724570622005
1921 19.21 -1.1563250613984764
1922 19.22 -1.1439008212441166
1923 19.23 -1.1314003009935192
1924 19.240000000000002 -1.1188240740698063
1925 19.25 -1.1061727228577922
1926 19.26 -1.0934468389712606
1927 19.27 -1.0806470230617293
1928 19.28 -1.0677738851155567
1929 19.29 -1.0548280442511242
1930 19.3 -1.0418101290198223
1931 19.31 -1.0287207773330067
1932 19.32 -1.015560636405283
1933 19.330000000000002 -1.0023303631505485
1934 19.34 -0.9890306238584401
1935 19.35 -0.9756620944347247
1936 19.36 -0.9622254605545777
1937 19.37 -0.9487214174876755
1938 19.38 -0.9351506702396506
1939 19.39 -0.9215139337787264
1940 19.400000000000002 -0.9078119328225824
1941 19.41 -0.8940454020847284
1942 19.42 -0.8802150862501179
1943 19.43 -0.8663217400591776
1944 19.44 -0.8523661283528412
1945 19.45 -0.8383490261387578
1946 19.46 -0.8242712186229255
1947 19.47 -0.8101335013364803
1948 19.48 -0.7959366801181744
1949 19.490000000000002 -0.7816815711911573
1950 19.5 -0.7673690012407945
1951 19.51 -0.7529998075072513
1952 19.52 -0.7385748376872101
1953 19.53 -0.7240949502889293
1954 19.54 -0.7095610143100259
1955 19.55 -0.6949739096734078
1956 19.56 -0.6803345269999994
1957 19.57 -0.6656437677903853
1958 19.580000000000002 -0.6509025445264882
1959 19.59 -0.6361117806393395
1960 19.6 -0.621272410611212
1961 19.61 -0.6063853800835588
1962 19.62 -0.5914516458229357
1963 19.63 -0.5764721757869538
1964 19.64 -0.5614479493630995
1965 19.650000000000002 -0.5463799571825092
1966 19.66 -0.5312692012957498
1967 19.67 -0.5161166953236886
1968 19.68 -0.5009234643677516
1969 19.69 -0.4856905450961193
1970 19.7 -0.4704189859699923
1971 19.71 -0.45510984703201274
1972 19.72 -0.4397642002487103
1973 19.73 -0.4243831293548652
1974 19.740000000000002 -0.4089677300552381
1975 19.75 -0.39351911004045803
1976 19.76 -0.3780383890613379
1977 19.77 -0.36252669890969713
1978 19.78 -0.34698518369491893
1979 19.79 -0.33141499961030974
1980 19.8 -0.3158173152797161
1981 19.81 -0.3001933116698936
1982 19.82 -0.284544182134443
1983 19.830000000000002 -0.268871132596594
1984 19.84 -0.2531753815888287
1985 19.85 -0.23745816013904175
1986 19.86 -0.22172071212344235
1987 19.87 -0.20596429410672457
1988 19.88 -0.19019017551152473
1989 19.89 -0.1743996386984712
1990 19.900000000000002 -0.15859397897835947
1991 19.91 -0.14277450465962183
1992 19.92 -0.12694253723887883
1993 19.93 -0.11109941131128487
1994 19.94 -0.09524647479397252
1995 19.95 -0.0793850888523373
1996 19.96 -0.0635166280310413
1997 19.97 -0.04764248042716179
1998 19.98 -0.031764047503333614
1999 19.990000000000002 -0.015882744424008388
2000 20.0 7.533155074653323e-12